1024
1008
992
960
896
768
1016
512
1000
984
976
952
944
928
888
880
864
760
752
832
956
988
1004
1020
892
764
1012
736
508
504
704
996
980
496
972
948
968
940
936
480
924
884
920
640
876
872
912
860
448
856
756
510
766
894
942
950
958
974
982
990
998
1006
1014
1022
926
886
878
862
758
748
750
848
830
954
986
1002
1018
890
762
828
1010
744
734
824
732
728
384
816
506
502
702
994
500
720
700
978
494
970
492
696
946
966
800
938
964
488
934
478
922
932
476
688
882
918
638
874
916
256
636
472
870
910
858
868
908
632
446
854
672
444
495
503
507
511
703
735
751
759
763
767
831
863
879
887
891
895
927
939
943
947
951
955
959
967
971
975
979
983
987
991
995
999
1003
1007
1011
1015
1019
1023
935
479
923
883
919
639
875
871
911
859
447
855
755
754
464
852
861
904
509
765
893
941
949
957
973
981
989
997
1005
1013
1021
925
885
877
757
747
749
847
829
953
985
1001
1017
889
761
827
746
846
1009
440
826
743
624
733
823
742
844
731
822
730
740
727
820
383
815
726
840
505
382
814
432
501
701
993
724
380
499
812
719
699
977
608
493
498
718
698
969
491
695
945
965
799
490
716
694
937
963
376
798
487
808
933
962
477
486
692
921
931
416
796
475
687
881
917
930
637
712
474
484
686
873
915
255
635
471
869
909
914
254
368
634
470
576
684
792
857
867
907
631
445
853
866
252
906
630
671
443
468
753
463
851
903
670
442
745
845
462
680
850
902
628
439
825
623
741
843
784
248
668
438
821
622
729
460
352
739
900
842
819
725
839
738
381
813
436
431
818
620
723
838
664
379
811
430
607
456
497
717
722
697
240
378
810
606
489
836
715
693
616
375
797
428
807
961
485
714
691
320
415
374
795
806
604
929
656
711
473
483
685
690
414
794
913
253
367
424
710
633
469
482
575
683
372
791
804
224
865
251
905
366
600
629
412
467
574
682
790
669
441
708
461
679
849
901
250
627
466
364
783
247
667
437
621
572
788
459
351
899
841
678
626
408
737
592
192
782
246
666
435
817
619
458
350
837
898
663
429
676
455
360
721
239
568
434
377
809
618
605
780
244
835
662
615
348
427
400
454
128
238
713
319
373
805
603
834
655
614
426
689
413
660
793
776
560
452
318
423
709
481
236
602
371
344
803
223
654
365
599
411
612
573
681
789
422
370
707
802
222
316
249
465
652
598
410
363
232
544
571
787
336
677
706
625
407
420
220
591
191
781
245
665
362
457
349
897
312
570
596
786
675
406
648
359
567
433
617
590
190
779
243
661
347
399
453
216
674
127
237
358
566
304
404
833
778
242
613
425
588
188
346
659
398
775
559
451
126
317
235
601
343
208
288
356
653
564
611
658
421
584
184
774
558
450
369
396
801
221
315
124
234
342
64
651
597
409
231
543
610
335
705
176
160
419
772
556
392
314
120
219
340
361
650
311
230
569
96
542
595
785
334
405
112
647
418
552
589
189
218
32
310
228
540
594
215
332
673
646
357
565
303
403
528
536
777
241
328
308
587
187
345
214
397
644
125
302
272
402
207
48
287
144
355
80
16
563
586
186
212
657
300
296
583
183
773
557
449
206
286
395
354
200
280
123
233
562
341
63
204
56
284
168
152
582
182
88
104
24
609
394
520
264
40
136
72
8
122
580
180
175
62
60
159
771
555
391
313
119
339
172
156
174
388
649
116
158
770
554
92
390
229
95
541
108
118
548
338
28
333
111
524
532
94
324
268
44
140
76
12
417
292
196
276
52
164
148
84
100
20
516
260
36
132
68
4
551
110
550
217
31
30
309
226
538
227
539
593
330
331
645
526
534
326
306
642
270
46
527
142
78
14
210
535
298
294
198
278
327
202
54
282
166
150
307
86
102
22
518
262
38
134
70
6
578
178
58
170
154
386
114
90
106
546
26
522
530
322
266
42
138
74
10
290
194
274
50
162
146
82
98
18
514
258
34
130
66
2
213
643
301
271
401
47
143
79
15
585
185
211
299
295
205
285
353
199
279
561
203
55
283
167
151
581
181
87
103
23
393
519
263
39
135
71
7
121
579
179
61
59
171
155
173
387
115
157
769
553
91
389
107
117
547
337
27
523
531
93
323
267
43
139
75
11
291
195
275
51
163
147
83
99
19
515
259
35
131
67
3
109
549
29
225
537
329
525
533
325
305
641
269
45
141
77
13
209
297
293
197
277
201
53
281
165
149
85
101
21
517
261
37
133
69
5
577
177
57
169
153
385
113
89
105
545
25
521
529
321
265
41
137
73
9
289
193
273
49
161
145
81
97
17
513
1
33
65
129
257
