1024
992
960
896
768
1008
512
976
944
928
880
864
832
1016
984
952
888
760
752
1000
736
704
504
496
480
640
448
968
936
920
872
912
384
856
508
764
892
956
988
1004
1020
972
940
924
876
860
848
828
1012
980
948
884
756
748
824
996
744
732
816
728
720
700
800
696
256
500
492
688
488
476
636
472
632
672
464
444
624
964
440
932
916
432
608
868
908
380
478
494
502
510
638
702
734
750
758
766
830
862
878
886
894
926
942
950
958
974
982
990
998
1006
1014
1022
446
966
934
918
870
910
852
382
854
904
506
762
890
954
986
1002
1018
970
938
922
874
858
846
376
826
1010
978
946
882
844
754
746
416
822
994
742
820
840
730
740
814
368
726
812
576
724
718
808
698
798
716
694
796
254
498
692
252
712
490
352
686
792
486
684
248
474
484
634
470
680
630
468
670
784
462
628
668
240
442
622
460
962
438
320
620
664
930
436
456
914
430
616
606
255
383
447
475
479
487
491
495
499
503
507
511
639
687
695
699
703
719
727
731
735
743
747
751
755
759
763
767
799
815
823
827
831
847
855
859
863
871
875
879
883
887
891
895
911
919
923
927
935
939
943
947
951
955
959
967
971
975
979
983
987
991
995
999
1003
1007
1011
1015
1019
1023
471
635
631
671
463
443
623
963
439
931
915
431
607
866
867
907
906
224
428
379
477
493
501
509
637
701
733
749
757
765
829
861
877
885
893
925
941
949
957
973
981
989
997
1005
1013
1021
445
965
933
917
869
909
851
381
853
903
604
656
378
505
761
889
953
985
1001
1017
969
937
921
873
857
845
850
902
375
825
1009
977
945
881
843
753
745
374
415
821
993
842
424
900
741
414
819
839
600
729
739
372
813
818
838
367
725
738
412
811
575
366
723
810
574
836
717
722
807
697
364
797
715
806
572
693
795
253
408
714
192
497
592
691
794
251
711
804
489
351
685
690
791
250
710
485
350
360
683
790
247
568
473
483
682
246
708
633
469
348
482
679
788
400
629
467
669
783
678
244
461
627
466
667
782
239
441
621
459
626
666
676
238
344
560
961
437
319
619
458
663
780
929
435
455
318
618
128
662
236
913
429
615
434
454
605
865
905
223
427
316
614
660
603
655
776
377
849
901
222
426
452
336
232
602
654
373
841
423
612
899
413
544
599
371
817
220
422
837
898
312
737
411
598
365
652
370
809
573
835
721
410
363
805
420
571
834
407
713
191
591
596
362
216
793
803
570
689
648
249
406
709
190
590
349
359
789
304
802
567
681
245
707
347
481
358
787
399
566
404
188
677
588
243
706
346
465
781
786
398
208
625
665
675
237
242
356
343
559
457
564
779
317
617
127
661
674
235
342
558
184
396
584
433
453
288
778
315
613
126
659
234
775
221
425
451
335
231
601
653
340
556
611
314
658
543
774
219
421
392
897
124
450
311
334
597
230
651
369
176
610
409
542
218
419
833
310
772
552
650
595
361
332
215
569
228
647
405
189
589
120
418
540
303
801
594
308
214
357
565
646
403
187
160
587
705
302
345
328
785
397
207
241
355
212
402
536
186
563
586
112
644
673
341
557
183
300
206
395
583
287
777
354
562
125
233
182
339
555
394
582
286
313
657
528
773
204
96
391
123
449
333
296
229
175
609
338
554
541
180
217
580
284
309
771
551
390
122
649
331
64
227
174
200
119
417
539
593
770
307
213
550
330
645
388
226
280
159
301
118
172
327
538
306
211
401
535
185
585
548
111
158
643
326
272
299
205
116
353
168
561
210
534
110
642
181
156
393
581
285
298
324
527
203
95
295
532
108
337
553
152
179
579
283
526
202
389
121
94
63
294
144
173
199
104
32
178
578
282
769
524
549
92
62
329
292
387
225
279
198
117
80
171
520
537
88
48
305
60
386
196
547
278
157
56
16
170
325
271
115
276
167
546
209
533
109
641
270
264
114
155
166
297
268
323
136
24
72
40
8
164
154
531
322
107
151
148
530
525
106
201
140
100
93
28
150
293
76
516
84
44
52
12
143
260
132
20
68
36
4
103
142
102
31
30
177
577
281
522
523
90
290
91
61
291
78
518
86
46
197
58
194
54
14
79
519
274
87
262
266
134
22
70
38
6
162
146
138
98
26
74
514
82
42
50
10
258
130
18
66
34
2
47
59
385
195
277
55
15
169
275
545
269
263
113
165
267
135
23
71
39
7
163
153
321
147
529
105
139
99
27
149
75
515
83
43
51
11
259
131
19
67
35
3
141
101
29
521
89
289
77
517
85
45
57
193
53
13
273
261
265
133
21
69
37
5
161
145
137
97
25
73
513
81
41
49
9
257
129
17
65
33
1
