1024
1008
992
960
896
1016
768
1000
512
984
976
952
944
928
888
880
988
1004
1020
956
892
864
1012
764
760
752
832
736
996
508
980
504
972
704
948
968
496
940
936
924
480
884
920
876
510
766
894
958
982
990
998
1006
1014
1022
974
950
942
926
640
886
878
872
912
986
1002
1018
954
890
862
1010
860
762
758
856
448
756
750
748
830
848
828
744
734
824
732
728
994
506
816
978
502
384
970
702
500
946
966
700
494
720
938
964
492
934
696
800
922
932
488
478
882
918
507
511
735
751
759
763
767
831
863
879
887
891
895
927
943
951
955
959
975
983
987
991
995
999
1003
1007
1011
1015
1019
1023
503
979
703
971
947
967
495
939
935
923
479
883
919
476
875
874
925
509
765
893
957
981
989
997
1005
1013
1021
973
949
941
639
885
916
877
871
688
911
638
985
1001
1017
953
889
861
870
910
1009
859
636
761
472
858
256
868
908
757
855
447
755
854
446
749
754
632
747
852
829
904
847
444
746
827
672
846
464
743
826
733
742
823
731
844
822
730
440
740
624
727
993
820
505
726
815
977
501
383
840
814
969
701
499
382
724
945
965
699
493
498
719
432
812
937
963
698
491
380
718
933
695
962
490
608
799
921
931
694
487
716
477
798
881
917
930
486
808
376
475
873
692
915
687
637
796
474
869
909
914
484
686
416
712
635
471
857
255
867
907
634
470
853
254
866
906
445
753
684
631
792
851
368
903
576
443
745
630
671
845
463
468
850
252
902
825
442
741
670
843
462
821
680
729
439
739
623
628
842
900
819
725
438
784
738
622
248
668
460
839
813
818
381
723
352
497
838
431
811
436
697
620
379
717
722
961
489
430
607
664
456
810
693
378
715
836
797
240
929
485
807
606
375
691
714
428
616
795
473
913
483
806
685
415
711
374
320
690
604
633
794
469
656
253
865
905
482
683
414
710
791
367
804
575
372
424
629
224
467
849
251
901
441
682
790
669
366
461
574
412
708
600
679
627
466
250
841
899
437
783
737
621
247
667
459
678
788
817
364
626
572
351
898
837
192
408
782
435
246
666
619
458
721
592
429
350
663
676
455
809
377
835
128
434
239
618
360
605
568
780
244
713
662
454
427
615
805
348
834
400
238
373
319
689
603
793
655
426
481
614
413
709
660
803
452
776
318
560
371
423
223
236
602
344
654
681
789
365
573
411
707
599
612
802
465
370
422
249
222
316
544
677
787
652
363
232
410
706
598
625
571
336
897
191
407
781
245
665
420
457
220
591
312
786
349
362
675
570
596
648
190
127
433
617
359
406
567
779
243
590
661
453
216
674
304
347
833
399
237
64
126
358
288
188
566
404
778
242
425
613
208
588
659
451
775
346
398
317
559
235
601
124
184
356
343
653
160
564
96
584
658
611
801
176
450
774
558
396
369
421
221
32
120
234
315
342
543
112
651
231
409
705
597
392
610
772
335
556
314
340
419
542
219
552
528
650
230
311
785
361
334
48
272
569
144
80
16
595
647
540
189
418
536
218
405
228
328
332
310
589
215
594
646
673
303
308
296
63
56
280
125
200
644
357
287
152
88
187
168
24
104
520
40
264
136
72
8
565
214
403
777
241
302
212
300
207
62
587
60
286
284
186
345
397
402
204
206
586
123
180
156
183
355
92
580
172
159
563
28
116
108
388
122
548
524
182
354
44
268
140
76
12
95
532
583
324
292
52
276
196
148
84
164
20
100
516
36
260
132
68
4
158
562
657
175
449
773
94
582
557
395
174
394
31
119
30
118
233
110
341
111
390
770
554
338
391
609
550
526
771
46
270
142
555
78
14
538
534
226
326
330
306
294
54
278
198
642
150
86
166
22
102
518
38
262
134
70
6
313
210
298
58
282
202
178
154
90
578
170
26
114
106
386
546
522
42
266
138
74
10
530
322
290
50
274
194
146
82
162
18
98
514
34
258
66
130
2
339
541
551
527
649
229
333
47
271
143
79
15
539
417
535
217
227
327
331
309
593
645
307
295
55
279
199
643
151
87
167
23
103
519
39
263
135
71
7
213
301
211
299
61
59
285
283
185
401
203
205
585
179
155
91
579
171
27
115
107
387
121
547
523
181
353
43
267
139
75
11
531
323
291
51
275
195
147
83
163
19
99
515
35
259
131
67
3
157
561
93
581
173
393
29
117
109
389
769
553
337
549
525
45
269
141
77
13
537
533
225
325
329
305
293
53
277
197
641
149
85
165
21
101
517
37
261
133
69
5
209
297
57
281
201
177
153
89
577
169
25
113
105
385
545
521
41
265
137
73
9
529
321
289
49
273
193
145
81
161
17
97
1
33
65
129
257
513
