1024
992
960
1008
896
768
512
976
1016
984
952
1000
944
928
888
880
864
760
832
752
736
704
504
496
480
764
892
956
988
1004
1020
508
972
1012
980
640
948
968
996
940
936
924
884
448
920
876
872
912
860
856
756
848
828
748
384
824
744
732
816
728
720
700
500
800
696
492
510
750
758
766
830
862
878
886
894
926
942
950
958
974
982
990
998
1006
1014
1022
734
702
502
494
488
688
478
762
890
954
986
1002
1018
506
256
476
970
1010
978
638
946
966
994
472
636
938
964
934
632
922
932
882
672
446
918
464
874
444
916
870
910
858
868
624
440
908
854
852
904
754
846
826
746
844
432
382
822
742
608
380
730
820
740
840
814
726
376
812
724
416
718
698
808
716
498
798
694
447
479
495
503
507
511
639
703
735
747
751
755
759
763
767
827
831
847
855
859
863
871
875
879
883
887
891
895
911
919
923
927
935
939
943
947
951
955
959
967
971
975
979
983
987
991
995
999
1003
1007
1011
1015
1019
1023
383
743
823
731
815
727
719
699
499
799
695
490
368
491
796
701
509
749
757
765
829
861
877
885
893
925
941
949
957
973
981
989
997
1005
1013
1021
733
501
692
493
487
576
712
687
477
761
889
953
985
1001
1017
505
486
255
686
475
969
1009
254
977
474
637
945
965
484
993
792
684
471
635
937
963
252
470
634
933
962
631
921
931
881
671
468
445
630
917
930
680
463
352
873
670
443
915
248
462
869
628
442
909
914
784
857
668
867
623
439
907
460
853
866
622
438
906
851
903
753
845
850
620
436
902
240
664
825
745
843
431
456
381
821
741
842
430
607
900
379
729
819
739
839
606
616
320
378
813
725
818
738
838
428
375
811
723
604
656
374
415
717
810
836
722
697
807
414
715
497
224
797
424
693
372
806
714
489
367
795
600
691
575
412
711
485
366
685
794
690
574
253
804
710
473
483
791
683
251
469
364
633
482
961
790
682
572
250
408
708
467
629
929
679
351
669
592
247
461
466
627
441
913
783
192
788
678
350
667
246
360
459
865
621
626
437
905
782
568
666
458
849
619
435
901
676
348
239
400
663
244
455
780
618
841
429
434
899
238
662
605
454
615
319
377
817
737
837
427
898
560
344
603
614
655
318
128
373
236
809
835
426
721
660
776
452
413
223
602
423
654
371
834
805
713
599
612
316
411
222
365
422
793
689
573
370
803
709
232
336
652
598
410
363
481
544
789
681
571
249
802
407
220
707
420
312
591
362
465
596
191
787
677
349
570
406
706
245
359
648
625
781
567
590
665
457
190
786
216
675
347
399
243
358
566
404
779
617
433
304
237
661
588
453
674
346
398
242
897
188
559
343
778
356
613
317
127
564
235
425
659
775
208
451
601
653
558
342
396
833
584
126
234
288
611
315
658
221
184
774
421
450
369
231
335
651
597
409
543
610
314
556
340
801
219
124
392
419
311
230
772
334
650
361
595
569
176
542
405
705
647
218
589
418
310
552
189
785
215
120
594
228
357
332
565
403
646
540
160
303
587
673
345
397
214
241
308
187
777
355
402
112
563
328
302
644
586
207
536
64
186
557
341
395
583
212
96
125
354
233
287
657
183
562
773
449
206
300
528
394
582
609
313
555
339
286
123
182
391
229
771
204
296
333
649
175
541
554
580
338
217
284
122
417
390
180
309
551
770
200
119
593
32
227
331
174
280
645
539
272
159
388
550
118
213
226
307
172
330
538
401
111
144
158
168
548
327
301
48
80
643
585
16
116
535
306
63
185
156
152
211
110
95
353
326
642
104
561
534
56
62
108
205
88
299
324
520
210
527
94
532
60
393
24
264
136
40
72
8
581
92
285
298
181
526
524
203
295
292
196
202
294
553
579
28
337
276
268
283
121
140
164
44
76
12
148
100
52
84
516
20
260
132
36
68
4
578
389
179
282
769
178
199
198
31
30
173
278
270
279
386
271
170
387
142
166
549
546
46
78
14
114
154
150
117
102
225
54
106
86
322
518
530
58
22
262
134
38
70
6
90
171
522
290
194
26
274
266
138
162
42
74
10
146
98
50
82
514
18
258
130
34
66
2
329
537
143
157
167
547
47
79
15
115
305
155
151
109
325
641
103
533
55
61
107
87
323
519
209
93
531
59
23
263
135
39
71
7
91
297
525
523
291
195
201
293
27
275
267
139
163
43
75
11
147
99
51
83
515
19
259
131
35
67
3
577
281
177
197
29
277
269
385
169
141
165
545
45
77
13
113
153
149
101
53
105
85
321
517
529
57
21
261
133
37
69
5
89
521
289
193
25
273
265
137
161
41
73
9
145
97
49
81
513
17
257
1
33
65
129
