1024
1008
992
960
1016
896
768
1000
984
976
512
1020
1004
988
952
956
1012
944
892
928
888
880
864
764
760
752
832
996
736
980
766
894
958
990
1006
1014
1022
998
982
972
974
510
1018
1002
986
950
508
954
948
1010
968
942
504
940
936
704
890
926
496
886
924
884
878
920
876
872
480
862
912
762
860
758
640
756
856
750
748
830
448
828
848
994
744
734
511
767
863
879
887
891
895
927
943
951
955
959
975
983
987
991
999
1003
1007
1011
1015
1019
1023
763
759
751
831
995
735
978
979
824
765
893
957
989
1005
1013
1021
997
981
971
973
732
509
1017
1001
985
949
507
970
953
947
1009
506
967
941
503
946
966
939
502
728
938
964
816
935
500
703
889
925
495
934
702
885
923
494
883
384
922
932
700
877
882
919
492
720
875
918
874
871
479
916
696
861
800
870
478
488
911
761
859
910
757
858
868
476
639
755
855
638
908
749
754
854
688
747
829
636
256
472
447
746
852
827
847
993
904
743
446
826
733
846
977
742
823
731
632
969
444
822
505
844
730
945
740
965
464
501
672
727
937
820
963
815
499
726
933
701
962
440
814
493
498
840
624
383
921
931
699
881
491
719
724
382
917
930
698
873
812
490
718
915
695
799
869
477
487
380
432
909
914
694
798
857
867
475
716
486
808
637
907
608
753
853
866
474
687
692
635
796
906
255
471
484
376
745
851
686
903
712
445
825
634
254
845
470
850
741
416
631
902
443
821
843
729
684
792
739
463
671
252
468
630
576
819
368
442
725
842
900
738
961
439
462
813
497
670
839
623
818
628
680
723
381
438
929
697
248
784
811
489
838
717
622
460
668
722
379
352
431
913
693
810
797
436
715
485
836
807
620
607
865
473
378
430
456
240
664
691
714
795
905
483
375
806
685
606
711
320
633
253
469
690
849
428
794
415
616
482
374
901
683
791
710
804
224
604
251
656
467
629
575
414
367
441
841
899
737
372
461
682
790
669
424
250
708
128
817
466
574
627
679
192
366
437
898
247
412
600
783
837
621
459
667
788
721
626
678
351
572
809
364
246
435
782
458
835
619
666
408
592
377
429
455
239
350
663
713
676
434
805
244
568
780
834
605
360
618
319
400
689
454
427
238
793
615
662
481
373
348
709
803
560
64
776
318
223
603
655
544
413
426
614
452
236
660
371
344
681
789
423
802
249
707
127
222
602
465
654
573
316
191
365
336
612
897
232
411
599
288
370
422
96
160
787
32
706
126
312
220
652
625
677
190
304
571
410
363
245
598
781
208
457
420
216
648
665
786
407
124
591
112
188
176
349
570
596
362
120
675
184
433
48
528
272
80
144
16
243
567
779
833
406
359
590
617
399
674
453
237
584
661
404
588
347
242
566
778
358
392
559
552
56
398
564
536
63
356
775
317
328
280
88
152
24
296
200
104
168
40
520
264
72
136
8
346
396
543
425
613
451
235
558
659
556
62
60
774
772
343
540
542
801
340
450
234
658
221
601
653
342
315
332
228
284
92
156
28
308
335
300
204
212
644
108
172
611
314
231
116
180
44
524
268
76
140
12
287
580
388
548
52
532
324
276
84
148
20
292
196
100
164
36
516
260
68
132
4
334
369
610
230
286
421
95
159
94
158
31
705
125
30
311
310
218
219
650
651
189
302
303
206
418
214
646
409
597
122
110
186
174
594
118
182
207
46
419
526
270
78
142
14
215
647
785
582
402
586
123
390
550
54
562
534
354
326
278
86
150
22
294
198
102
166
38
518
262
70
134
6
394
554
58
770
538
338
111
330
226
282
90
154
26
306
298
202
210
642
106
170
114
178
42
522
266
74
138
10
578
386
546
50
530
322
274
82
146
18
290
194
98
162
34
514
258
2
66
130
187
175
569
595
361
119
183
47
527
271
79
143
15
405
589
673
583
403
587
241
565
777
357
391
551
55
397
563
535
355
327
279
87
151
23
295
199
103
167
39
519
263
71
135
7
345
395
557
555
61
59
773
771
539
541
339
449
233
657
341
331
227
283
91
155
27
307
299
203
211
643
107
171
313
115
179
43
523
267
75
139
11
579
387
547
51
531
323
275
83
147
19
291
195
99
163
35
515
259
67
131
3
333
609
229
285
93
157
29
309
217
649
301
205
417
213
645
121
109
185
173
593
117
181
45
525
269
77
141
13
581
401
585
389
549
53
561
533
353
325
277
85
149
21
293
197
101
165
37
517
261
69
133
5
393
553
57
769
537
337
329
225
281
89
153
25
305
297
201
209
641
105
169
113
177
41
521
265
73
137
9
577
385
545
49
529
321
273
81
145
17
289
193
97
161
1
33
65
129
257
513
