1024
1008
992
960
896
1016
768
1000
984
512
976
952
944
928
1020
1004
988
956
888
892
1012
880
864
764
760
752
832
736
996
980
508
972
504
948
968
704
940
496
766
894
958
990
1006
1014
1022
998
982
510
974
950
936
942
926
1018
1002
986
954
886
890
924
1010
884
878
920
876
480
872
862
912
860
640
762
758
856
756
750
448
830
748
828
848
744
734
824
994
732
978
506
970
728
502
816
946
966
500
702
511
751
759
763
767
831
863
879
887
891
895
927
943
951
955
959
975
983
987
991
999
1003
1007
1011
1015
1019
1023
735
995
979
507
971
503
947
967
938
384
703
964
939
495
494
765
893
957
989
1005
1013
1021
997
981
509
949
973
935
941
700
925
1017
1001
985
953
934
885
889
720
923
492
1009
883
922
932
877
882
919
696
875
918
800
479
488
874
478
871
916
861
911
870
476
859
910
639
761
858
638
868
757
688
855
908
755
854
636
472
749
256
754
447
829
747
852
446
827
746
847
904
743
826
846
632
444
733
823
742
993
464
731
672
822
844
977
730
740
505
969
727
820
440
501
815
945
624
965
726
499
840
814
701
937
383
963
493
498
699
724
933
382
962
719
491
812
698
921
931
718
881
490
695
432
917
380
799
930
487
873
477
694
915
798
716
486
608
869
808
475
909
914
857
637
867
687
474
692
376
907
796
853
484
635
866
686
471
255
753
906
712
851
416
634
445
470
254
745
903
825
845
850
631
684
792
443
741
902
463
671
368
821
576
843
630
468
252
442
729
739
462
670
819
842
439
900
623
725
738
680
628
839
813
818
438
784
497
248
622
723
460
381
961
668
811
838
697
717
489
352
431
379
722
929
436
810
693
620
797
836
715
485
607
807
430
456
664
378
913
240
473
691
375
795
714
606
806
483
865
685
905
711
428
616
415
633
320
690
374
469
253
794
482
849
683
791
604
710
804
656
901
414
367
575
629
467
251
224
441
372
424
682
790
461
669
841
899
708
366
574
737
679
466
250
627
412
600
817
437
783
247
621
459
667
898
788
837
192
678
626
351
364
572
128
721
782
435
246
809
458
666
619
408
835
592
429
455
663
377
350
676
239
434
618
713
780
605
805
360
568
244
834
427
454
662
615
319
689
373
400
238
793
348
481
603
709
803
655
413
426
776
614
560
318
223
452
660
371
423
681
236
789
344
602
802
654
707
365
573
465
249
544
411
599
222
612
316
370
422
897
787
232
191
677
336
706
625
652
64
363
571
410
598
127
781
220
245
457
665
312
407
420
786
190
591
349
675
288
648
362
570
126
433
304
596
216
617
779
359
567
406
243
160
833
96
590
188
208
453
661
32
674
399
237
124
347
778
358
566
404
242
184
176
588
112
120
425
775
613
559
398
317
451
346
659
584
356
564
235
528
343
601
48
272
144
80
16
801
653
774
396
558
543
450
392
658
221
611
234
315
369
552
772
421
342
556
536
231
542
335
340
705
328
610
56
651
63
314
280
540
296
409
152
88
200
24
597
168
104
520
40
264
136
72
8
219
230
334
311
228
332
650
419
62
60
785
189
308
218
310
287
647
418
284
644
361
569
300
212
125
303
156
595
92
204
28
215
286
646
180
172
108
116
580
524
44
268
140
76
12
302
388
548
594
532
324
52
276
292
148
84
196
20
164
100
516
36
260
132
68
4
405
214
159
95
589
187
158
207
94
186
206
31
673
30
122
123
402
182
174
586
110
777
118
357
565
403
241
183
175
582
354
562
587
526
46
111
270
142
78
14
394
390
119
550
770
554
534
338
326
54
278
538
294
150
86
198
22
166
102
518
38
262
134
70
6
226
330
58
306
282
642
298
210
154
90
202
26
178
170
106
114
578
522
42
266
138
74
10
386
546
530
322
50
274
290
146
82
194
18
162
98
514
34
258
2
66
130
397
345
583
355
563
527
47
271
143
79
15
773
395
557
449
391
657
233
551
771
341
555
535
541
339
327
609
55
313
279
539
295
151
87
199
23
167
103
519
39
263
135
71
7
229
333
227
331
649
61
59
307
217
309
417
283
643
299
211
155
91
203
27
285
645
179
171
107
115
579
523
43
267
139
75
11
301
387
547
593
531
323
51
275
291
147
83
195
19
163
99
515
35
259
131
67
3
213
157
93
185
205
29
121
401
181
173
585
109
117
581
353
561
525
45
269
141
77
13
393
389
549
769
553
533
337
325
53
277
537
293
149
85
197
21
165
101
517
37
261
133
69
5
225
329
57
305
281
641
297
209
153
89
201
25
177
169
105
113
577
521
41
265
137
73
9
385
545
529
321
49
273
289
145
81
193
17
161
97
1
33
65
129
257
513
