1024
992
960
896
1008
768
512
976
944
928
1016
984
952
880
888
1000
864
760
832
752
736
704
504
496
480
640
968
448
936
508
764
892
956
988
1004
1020
972
940
920
924
1012
980
948
876
884
996
872
912
860
856
848
384
756
828
748
824
744
732
816
728
720
700
800
500
696
492
256
488
688
476
472
636
632
672
964
464
444
510
702
734
750
758
766
830
862
878
886
894
926
942
950
958
974
982
990
998
1006
1014
1022
502
494
478
638
966
446
934
932
624
506
762
890
954
986
1002
1018
970
938
918
922
440
1010
978
946
874
882
916
994
870
910
858
868
908
854
432
852
904
608
846
382
754
826
844
380
746
822
742
820
840
376
730
740
814
416
726
812
724
718
808
368
698
576
716
798
498
694
796
490
692
712
254
486
686
252
792
474
484
684
352
470
634
248
468
630
680
383
447
479
495
503
507
511
639
703
719
727
731
735
743
747
751
755
759
763
767
815
823
827
831
847
855
859
863
871
875
879
883
887
891
895
911
919
923
927
935
939
943
947
951
955
959
967
971
975
979
983
987
991
995
999
1003
1007
1011
1015
1019
1023
699
799
499
695
491
255
487
687
475
471
635
631
670
671
963
962
463
784
443
637
509
701
733
749
757
765
829
861
877
885
893
925
941
949
957
973
981
989
997
1005
1013
1021
501
493
477
462
965
628
445
933
931
442
623
505
761
889
953
985
1001
1017
969
937
668
917
921
930
439
460
622
1009
977
945
873
881
915
438
993
240
869
909
914
620
857
867
907
664
436
853
866
431
906
456
851
903
430
320
607
845
381
850
753
902
616
825
606
843
379
745
428
821
842
378
741
900
819
604
839
375
729
656
739
813
224
818
415
838
374
725
738
811
414
424
723
810
836
372
717
722
600
807
367
412
697
575
715
797
806
366
497
693
574
714
795
489
691
711
253
794
804
364
485
685
572
690
710
251
408
791
473
483
683
592
250
790
351
192
469
633
482
682
708
247
350
467
629
679
360
246
788
568
669
961
783
461
466
627
678
441
667
348
929
782
400
459
621
626
244
437
666
239
913
676
458
619
663
435
238
865
780
905
455
618
429
319
662
434
344
560
849
901
454
615
605
318
427
236
128
841
377
899
614
603
426
655
660
776
223
817
837
373
452
898
737
602
413
316
423
654
222
809
835
371
612
721
599
232
336
411
422
805
834
365
370
573
713
544
598
652
410
220
793
803
312
363
571
689
709
420
407
591
249
789
802
362
596
191
570
481
681
707
406
349
648
590
359
245
787
216
567
190
706
465
677
347
781
399
625
304
358
243
404
786
566
665
675
457
588
346
237
188
779
398
617
242
661
433
343
559
356
453
674
564
208
317
235
127
778
613
425
342
558
396
659
775
584
451
897
601
184
288
315
234
653
126
221
611
231
658
335
774
421
450
340
556
833
369
543
314
597
651
409
219
392
610
124
311
230
334
419
772
542
176
801
650
361
595
218
569
405
310
552
647
589
418
215
228
332
189
705
120
594
540
303
357
403
785
565
646
214
587
308
345
160
187
397
241
302
355
402
328
673
563
207
586
777
112
644
536
186
212
341
557
395
583
183
354
287
562
233
125
206
300
657
773
394
449
339
582
555
96
313
528
182
286
391
609
64
123
229
333
204
296
771
541
175
338
554
649
217
580
309
390
180
284
551
122
417
227
331
200
770
119
593
174
539
645
550
213
307
388
280
159
226
330
118
301
172
538
401
327
585
272
306
111
548
643
535
185
158
211
116
168
353
326
561
205
299
32
110
642
534
156
210
393
581
95
527
324
181
285
144
298
63
152
108
532
203
295
80
94
48
104
337
553
526
16
579
62
389
179
283
202
121
92
88
294
524
520
56
60
199
769
173
578
292
178
282
549
264
387
24
198
136
72
40
8
279
225
329
196
117
171
386
537
276
278
271
268
305
170
547
164
157
28
270
140
148
546
76
44
100
12
84
516
52
260
20
132
68
36
4
115
167
325
114
166
31
30
109
641
533
154
155
209
322
142
150
106
530
78
323
46
102
14
143
297
90
86
522
518
151
54
58
290
262
22
134
70
38
6
107
194
274
266
162
26
138
146
74
42
98
10
82
514
50
258
18
130
66
34
2
531
79
93
47
103
525
15
61
201
91
87
293
523
519
55
59
577
291
177
281
263
23
197
135
71
39
7
195
385
275
277
267
169
163
27
269
139
147
545
75
43
99
11
83
515
51
259
19
131
67
35
3
113
165
29
153
321
141
149
105
529
77
45
101
13
89
85
521
517
53
57
289
261
21
133
69
37
5
193
273
265
161
25
137
145
73
41
97
9
81
513
49
257
17
129
1
33
65
