1024
1008
992
960
896
768
512
1016
1000
984
976
952
944
928
888
880
864
760
752
832
736
892
956
988
1004
1020
764
508
704
1012
504
496
996
980
972
948
968
480
940
936
640
924
884
920
876
872
448
912
860
856
756
848
748
828
744
824
732
384
728
816
510
766
862
878
886
894
926
942
950
958
974
982
990
998
1006
1014
1022
758
750
830
734
890
954
986
1002
1018
762
506
702
1010
720
502
700
500
494
994
696
800
492
978
970
488
946
966
478
688
938
964
476
934
256
638
922
932
472
636
882
918
874
916
632
870
446
910
672
858
868
444
908
464
854
852
440
624
904
754
846
746
826
844
742
822
730
432
740
820
382
840
479
495
503
507
511
639
703
735
751
759
763
767
831
863
871
875
879
883
887
891
895
919
923
927
935
939
943
947
951
955
959
967
971
975
979
983
987
991
995
999
1003
1007
1011
1015
1019
1023
447
859
911
855
755
847
747
827
743
823
731
383
727
726
815
509
765
861
877
885
893
925
941
949
957
973
981
989
997
1005
1013
1021
757
749
829
733
814
608
380
889
953
985
1001
1017
761
724
505
701
812
1009
719
501
699
718
499
698
376
493
498
993
695
799
716
491
808
977
694
416
798
490
969
487
945
965
692
477
796
486
687
937
963
475
712
686
368
933
962
255
474
637
484
576
921
931
471
254
635
881
684
917
930
792
470
634
873
915
252
631
869
445
909
914
468
671
630
857
867
443
907
463
670
680
853
866
442
906
462
628
851
248
439
623
352
903
784
753
668
845
850
438
622
902
460
745
825
843
741
821
842
436
620
900
729
431
739
819
381
839
664
725
430
738
456
240
813
818
607
379
838
723
811
606
378
616
717
428
722
810
697
375
836
497
320
715
807
693
374
415
797
604
489
656
714
806
691
414
795
485
424
711
685
367
224
372
961
690
473
794
483
575
253
710
600
804
683
366
929
412
791
469
633
482
574
251
682
913
790
467
629
708
250
669
364
679
865
441
905
461
572
466
627
408
247
351
783
667
678
788
849
437
621
592
901
459
626
246
192
350
782
666
841
435
619
899
360
458
568
663
676
429
737
455
239
817
837
434
618
898
244
348
780
400
605
377
662
615
427
721
454
238
809
835
319
373
603
128
655
614
713
426
660
805
560
834
413
344
776
318
452
236
423
602
223
371
689
654
793
709
599
803
612
365
411
481
573
422
316
222
370
681
789
707
598
652
802
249
232
410
363
336
571
465
544
407
420
677
787
220
591
706
625
362
312
245
191
349
596
781
570
665
406
359
457
648
786
567
590
675
190
433
617
897
243
347
779
399
216
661
358
566
453
404
674
237
304
588
242
346
778
127
398
613
188
425
659
559
833
343
775
317
451
356
235
564
601
653
208
126
611
658
288
558
396
584
421
342
774
450
315
234
221
369
184
597
651
801
231
409
610
335
124
543
419
314
556
340
219
772
705
392
361
650
311
176
230
595
569
334
405
542
647
785
418
120
589
218
160
552
189
64
310
594
215
228
357
332
646
565
540
403
673
112
303
587
241
96
345
777
397
187
308
214
355
402
328
644
536
563
302
207
586
125
186
528
657
287
557
212
395
583
341
773
449
354
32
233
183
562
300
206
609
286
123
394
582
296
313
555
182
339
771
204
391
272
649
175
284
229
200
580
144
48
122
80
16
333
541
280
180
554
338
417
770
119
390
217
159
174
551
63
309
168
593
388
227
152
172
56
118
331
645
104
539
88
158
550
520
24
111
116
264
62
136
40
72
8
156
548
226
60
95
330
538
307
213
108
110
92
94
401
327
324
643
532
535
306
301
524
28
585
326
642
534
292
268
196
140
44
76
12
276
164
148
52
100
84
516
20
260
132
36
68
4
185
527
211
526
210
353
31
30
298
561
299
205
294
202
270
285
282
198
578
142
46
78
14
393
581
278
178
295
166
386
150
170
54
102
86
518
22
114
262
134
38
70
6
154
546
58
181
106
90
322
530
522
26
290
266
194
138
42
74
10
274
162
146
50
98
82
514
18
258
130
34
66
2
203
271
283
199
579
143
47
121
79
15
279
179
553
337
769
389
173
167
387
151
171
55
117
103
87
157
549
519
23
115
263
61
135
39
71
7
155
547
225
59
329
537
107
109
91
93
323
531
305
523
27
325
641
533
291
267
195
139
43
75
11
275
163
147
51
99
83
515
19
259
131
35
67
3
525
209
29
297
293
201
269
281
197
577
141
45
77
13
277
177
165
385
149
169
53
101
85
517
21
113
261
133
37
69
5
153
545
57
105
89
321
529
521
25
289
265
193
137
41
73
9
273
161
145
49
97
81
513
17
257
1
33
65
129
