128
124
120
126
112
96
64
122
127
123
119
125
118
116
111
110
108
95
104
94
92
88
63
62
60
80
121
117
56
115
109
114
107
106
48
103
93
102
91
90
100
87
61
86
32
59
79
84
58
78
55
113
54
76
105
47
52
101
46
72
89
99
85
44
31
98
30
83
57
77
40
82
28
53
75
51
74
24
45
71
50
70
43
16
97
29
42
68
39
81
27
38
26
73
36
23
49
22
69
15
20
14
41
67
8
12
66
37
25
4
35
34
18
21
6
10
2
19
13
7
11
65
3
33
17
5
9
1
