128
124
120
112
126
96
64
122
118
116
127
123
119
110
111
125
108
95
104
94
92
88
63
62
60
80
121
56
117
115
109
114
107
106
48
103
93
102
91
90
100
87
32
61
86
59
79
84
58
78
55
54
113
76
105
47
52
101
46
72
89
99
44
31
85
98
30
83
57
40
77
82
28
53
75
51
74
24
45
71
50
43
70
16
97
29
42
68
39
81
27
38
26
73
23
36
49
22
69
15
20
41
14
67
12
66
8
37
25
35
34
21
4
18
19
10
6
13
2
11
65
7
33
3
17
9
5
1
