128
126
124
120
112
127
96
125
64
123
122
119
118
116
111
110
108
95
94
104
92
63
88
121
62
117
60
115
80
109
114
107
56
106
93
103
91
102
48
90
87
100
61
86
59
32
79
113
84
58
55
78
105
54
76
101
47
52
89
99
46
72
85
98
31
44
83
57
30
77
40
82
53
28
75
24
51
74
16
45
71
50
97
70
43
68
29
42
39
81
27
38
8
36
26
23
20
12
73
22
4
15
14
49
69
66
6
34
18
10
2
67
41
37
7
35
25
19
11
21
3
13
65
5
33
17
9
1
