128
126
124
120
112
96
64
127
125
123
122
119
118
116
111
110
108
95
94
104
92
88
63
62
121
60
117
80
115
109
56
114
107
106
93
103
48
91
102
90
87
100
61
86
32
59
79
84
58
55
78
113
54
105
76
47
101
52
89
46
72
99
85
31
44
98
83
57
30
77
40
82
53
28
75
51
74
24
45
71
50
16
70
43
97
29
42
68
39
81
27
38
26
36
73
23
49
22
15
20
69
8
14
12
41
67
66
4
37
34
25
18
6
10
2
35
21
19
7
13
11
65
3
33
17
5
9
1
