128
124
120
112
96
126
64
122
118
116
110
108
104
127
123
119
111
95
94
125
92
88
63
62
60
80
56
121
117
115
109
114
48
107
106
103
93
102
91
90
100
87
32
86
61
59
79
84
58
78
55
54
76
113
47
52
105
46
72
101
89
44
99
31
85
98
30
40
83
57
77
28
82
53
75
51
24
74
45
71
50
43
70
16
97
42
29
68
39
27
81
38
26
23
73
36
49
22
69
15
20
41
67
14
66
12
37
8
25
35
34
21
19
18
13
4
10
65
11
6
7
2
33
17
3
9
5
1
