128
126
124
120
112
96
127
64
125
123
122
119
118
116
111
110
108
95
94
104
92
63
88
62
121
117
60
115
80
109
114
56
107
106
93
103
91
48
102
90
87
100
61
86
32
59
79
84
58
113
55
78
105
54
76
47
101
52
89
46
72
99
85
98
31
44
83
57
30
77
40
82
53
28
75
51
74
24
45
71
50
16
97
70
43
29
68
42
39
81
27
38
26
36
73
23
8
22
20
49
15
12
14
69
4
66
67
41
34
6
18
10
2
37
25
35
7
21
19
11
13
3
65
33
5
17
9
1
