128
126
124
120
127
112
96
125
123
122
64
119
118
116
111
110
108
95
94
104
92
121
63
117
88
62
115
109
60
114
80
107
56
106
93
103
91
102
48
90
87
100
61
86
32
59
113
79
58
84
55
105
78
54
101
76
47
89
52
99
72
46
85
31
98
44
57
30
83
40
77
28
82
53
16
24
75
51
74
71
45
50
70
8
97
68
43
42
29
36
12
20
4
39
38
26
27
81
14
22
15
23
6
66
34
10
18
2
73
49
69
7
67
41
35
11
19
3
37
25
13
21
5
65
33
9
17
1
