128
126
124
120
112
127
96
125
123
64
122
119
118
116
111
110
108
95
94
104
92
63
121
88
62
117
115
60
109
114
80
107
56
106
93
103
91
102
48
90
87
100
61
86
59
32
113
79
58
84
55
78
105
54
76
101
47
89
52
99
46
72
85
98
31
44
57
83
30
77
40
82
28
53
75
24
16
51
74
45
71
50
97
70
43
68
29
42
8
39
36
81
38
27
20
12
26
4
23
22
14
15
73
66
6
34
18
10
2
49
69
67
41
7
35
37
19
11
25
3
21
13
65
5
33
17
9
1
