2048 
2016 
1984 
1920 
1792 
1536 
2032 
1024 
2000 
1968 
1952 
1904 
1888 
1856 
1776 
1760 
1728 
1520 
1504 
1664 
1912 
1976 
2008 
2040 
1784 
1528 
2024 
1472 
1016 
1008 
1408 
1992 
1960 
992 
1944 
1896 
1936 
1880 
1872 
960 
1848 
1768 
1840 
1280 
1752 
1744 
1824 
1720 
896 
1712 
1512 
1020 
1532 
1788 
1884 
1900 
1916 
1948 
1964 
1980 
1996 
2012 
2028 
2044 
1852 
1772 
1756 
1724 
1516 
1496 
1500 
1696 
1660 
1908 
1972 
2004 
2036 
1780 
1524 
1656 
2020 
1488 
1468 
1648 
1464 
1456 
768 
1632 
1012 
1004 
1404 
1988 
1000 
1440 
1400 
1956 
988 
1940 
984 
1392 
1892 
1932 
1600 
1876 
1928 
976 
1868 
956 
1844 
1864 
952 
1376 
1764 
1836 
1276 
1748 
1832 
512 
1272 
944 
1740 
1820 
1716 
1736 
1816 
1264 
892 
1708 
1344 
888 
990 
1006 
1014 
1022 
1406 
1470 
1502 
1518 
1526 
1534 
1662 
1726 
1758 
1774 
1782 
1790 
1854 
1878 
1886 
1894 
1902 
1910 
1918 
1934 
1942 
1950 
1958 
1966 
1974 
1982 
1990 
1998 
2006 
2014 
2022 
2030 
2038 
2046 
1870 
958 
1846 
1766 
1838 
1278 
1750 
1742 
1822 
1718 
894 
1710 
1510 
1508 
928 
1704 
1722 
1808 
1018 
1530 
1786 
1882 
1898 
1914 
1946 
1962 
1978 
1994 
2010 
2026 
2042 
1850 
1770 
1754 
1514 
1494 
1498 
1694 
1658 
1906 
1970 
2002 
2034 
1778 
1522 
1654 
1492 
1692 
2018 
880 
1652 
1486 
1248 
1466 
1646 
1484 
1688 
1462 
1644 
1460 
1480 
1454 
1640 
766 
1630 
1452 
1680 
1010 
764 
1628 
864 
1002 
1402 
1986 
1448 
760 
998 
1624 
1438 
1398 
1954 
1216 
986 
996 
1436 
1396 
1938 
982 
1390 
1890 
1930 
1598 
980 
1432 
1388 
1874 
1926 
752 
1596 
974 
1616 
1866 
1924 
954 
972 
1384 
1842 
1862 
832 
1592 
950 
1374 
1762 
1834 
1860 
1274 
1424 
948 
968 
1372 
1746 
1830 
510 
1270 
942 
1738 
1818 
1828 
508 
736 
1268 
940 
1152 
1368 
1584 
1714 
1734 
1814 
1262 
767 
895 
959 
983 
987 
991 
999 
1003 
1007 
1011 
1015 
1019 
1023 
1279 
1391 
1399 
1403 
1407 
1439 
1455 
1463 
1467 
1471 
1487 
1495 
1499 
1503 
1511 
1515 
1519 
1523 
1527 
1531 
1535 
1631 
1647 
1655 
1659 
1663 
1695 
1711 
1719 
1723 
1727 
1743 
1751 
1755 
1759 
1767 
1771 
1775 
1779 
1783 
1787 
1791 
1823 
1839 
1847 
1851 
1855 
1871 
1879 
1883 
1887 
1891 
1895 
1899 
1903 
1907 
1911 
1915 
1919 
1931 
1935 
1939 
1943 
1947 
1951 
1955 
1959 
1963 
1967 
1971 
1975 
1979 
1983 
1987 
1991 
1995 
1999 
2003 
2007 
2011 
2015 
2019 
2023 
2027 
2031 
2035 
2039 
2043 
2047 
1599 
1875 
1927 
975 
1867 
955 
1843 
1863 
951 
1375 
1763 
1835 
1275 
890 
1747 
1831 
511 
1271 
943 
1739 
1819 
1715 
1735 
1815 
1263 
891 
1707 
1343 
887 
1741 
1821 
989 
1005 
1013 
1021 
1405 
1469 
1501 
1517 
1525 
1533 
1661 
1725 
1757 
1773 
1781 
1789 
1853 
1877 
1885 
1893 
1901 
1909 
1917 
1933 
1941 
1949 
1957 
1965 
1973 
1981 
1989 
1997 
2005 
2013 
2021 
2029 
2037 
2045 
1869 
957 
1845 
1765 
1837 
1277 
1749 
1717 
893 
1706 
1709 
1732 
504 
1812 
1509 
1507 
1260 
1342 
927 
886 
1703 
1721 
1807 
1017 
1529 
1785 
1881 
1897 
1913 
1945 
1961 
1977 
1993 
2009 
2025 
2041 
1849 
1769 
1753 
936 
1513 
1493 
1497 
1506 
1693 
926 
1657 
1702 
1806 
1905 
1969 
2001 
2033 
1777 
1521 
1653 
1491 
1691 
1340 
884 
2017 
879 
1651 
1485 
1490 
1690 
924 
1360 
1247 
1700 
1804 
1465 
1256 
1645 
878 
1650 
1483 
1687 
1246 
1461 
1643 
1482 
1686 
1459 
1568 
496 
1336 
876 
1642 
1479 
1244 
1453 
1458 
920 
704 
1639 
1478 
1800 
1684 
765 
1629 
1451 
1679 
1638 
1009 
763 
1627 
1450 
1678 
863 
1476 
1001 
762 
1401 
1626 
1985 
1447 
872 
862 
1636 
1240 
759 
997 
1623 
1437 
1397 
1446 
1953 
1676 
1215 
985 
1328 
758 
995 
1622 
1435 
1395 
1937 
860 
1214 
912 
981 
994 
1389 
1434 
1444 
1889 
1394 
1929 
480 
1597 
756 
979 
1620 
1431 
1387 
1873 
1925 
1212 
751 
1595 
973 
1615 
978 
1672 
1430 
1386 
1865 
1923 
1232 
953 
750 
1594 
856 
971 
1614 
1383 
1841 
1861 
831 
1922 
1591 
949 
1373 
970 
1428 
1761 
1382 
1833 
1859 
640 
1273 
830 
1423 
748 
1590 
947 
967 
1612 
1371 
1208 
1745 
1829 
509 
1858 
1269 
1312 
1422 
941 
946 
966 
1370 
1380 
1737 
1817 
1827 
507 
828 
735 
1267 
1588 
939 
1151 
1367 
1583 
1713 
1733 
1813 
1826 
506 
734 
1261 
848 
889 
1420 
1266 
938 
964 
1150 
1366 
744 
1582 
1705 
1608 
448 
1731 
503 
1811 
1259 
1341 
885 
935 
1505 
925 
1701 
1805 
1730 
502 
1810 
732 
1200 
1258 
1339 
824 
883 
934 
1148 
1364 
1580 
1489 
1689 
923 
1359 
1699 
1803 
1255 
877 
1649 
1338 
882 
1416 
1245 
1481 
1685 
922 
1358 
1698 
1802 
500 
1254 
1567 
495 
1335 
875 
1641 
1243 
932 
1457 
919 
703 
1477 
1799 
1683 
728 
1566 
494 
1334 
874 
1637 
1242 
1144 
1576 
1449 
1677 
918 
702 
1475 
1798 
1682 
1356 
761 
1252 
1625 
816 
871 
861 
1635 
1239 
1445 
1675 
1474 
1327 
1184 
757 
384 
1564 
492 
1332 
1621 
870 
859 
1634 
1213 
1238 
911 
993 
916 
700 
1433 
1443 
1674 
1393 
1796 
479 
1326 
755 
1619 
858 
1352 
1211 
910 
720 
977 
1671 
1442 
1429 
1385 
478 
1136 
1231 
868 
749 
1593 
754 
855 
1613 
1618 
1236 
1921 
1210 
1560 
488 
969 
1670 
1427 
1381 
1324 
639 
829 
1230 
696 
747 
1589 
854 
1611 
1207 
800 
908 
1857 
1311 
1421 
256 
476 
945 
965 
1426 
1369 
1379 
638 
827 
746 
1587 
1610 
1206 
1668 
1825 
505 
1310 
733 
847 
1419 
1265 
1228 
937 
963 
1149 
852 
1365 
743 
1378 
1581 
1607 
447 
826 
1320 
1586 
1552 
1120 
1729 
501 
904 
1809 
731 
636 
1199 
1257 
846 
823 
1418 
933 
1147 
962 
1363 
472 
1204 
742 
1579 
688 
1606 
446 
1308 
1337 
881 
1415 
921 
1357 
1697 
1801 
730 
499 
1253 
1198 
822 
1224 
931 
1146 
1362 
1578 
844 
727 
1565 
493 
1333 
873 
740 
1414 
1241 
1143 
1604 
444 
1575 
917 
701 
632 
1797 
1681 
1355 
498 
1251 
815 
930 
1304 
1196 
820 
726 
1473 
464 
1183 
383 
1563 
491 
1331 
1088 
1142 
869 
1633 
1574 
1237 
672 
1354 
915 
699 
1412 
1673 
1795 
1250 
814 
1325 
840 
857 
1351 
909 
719 
1441 
440 
1182 
382 
1562 
490 
1330 
477 
1135 
867 
753 
724 
1617 
1235 
914 
698 
1794 
1209 
624 
1559 
487 
1140 
1669 
1192 
1572 
1323 
1229 
1350 
695 
853 
812 
1296 
718 
799 
907 
1134 
866 
255 
475 
1234 
1425 
1180 
380 
637 
1558 
486 
745 
1609 
1205 
1322 
1667 
1309 
694 
1227 
798 
906 
851 
432 
1377 
825 
1348 
254 
1319 
474 
1585 
716 
1551 
1119 
1132 
903 
608 
635 
845 
808 
1417 
961 
1666 
471 
1203 
741 
687 
1605 
1556 
484 
445 
1307 
1226 
850 
1176 
376 
692 
1318 
729 
796 
1197 
821 
1223 
1550 
1118 
1145 
1361 
902 
252 
634 
1577 
843 
470 
1202 
686 
416 
739 
1413 
576 
712 
1603 
1306 
443 
631 
497 
1128 
929 
1303 
1195 
1222 
819 
725 
1316 
463 
842 
1087 
1141 
1168 
368 
1548 
1573 
1116 
900 
738 
792 
671 
1353 
1602 
1411 
442 
1249 
813 
630 
248 
468 
684 
839 
128 
439 
1302 
1181 
381 
1194 
1561 
489 
1329 
818 
462 
723 
1086 
1220 
913 
697 
1793 
623 
1139 
670 
1191 
1571 
1410 
352 
1349 
320 
838 
1544 
811 
1295 
717 
1112 
784 
628 
1133 
240 
865 
438 
680 
1233 
1179 
379 
722 
1300 
1557 
485 
622 
460 
1138 
192 
1321 
1084 
1190 
1570 
693 
668 
797 
905 
431 
810 
224 
1294 
1347 
253 
473 
836 
715 
1104 
1131 
607 
1178 
378 
436 
807 
1665 
64 
1555 
483 
1225 
620 
849 
456 
1175 
375 
1080 
1188 
430 
691 
1317 
664 
1346 
795 
1292 
714 
1549 
1117 
901 
251 
633 
1130 
606 
806 
469 
1201 
685 
1056 
415 
575 
711 
1072 
1305 
1554 
482 
656 
1127 
616 
1174 
374 
690 
428 
794 
1288 
1221 
1315 
250 
841 
1167 
604 
367 
544 
1547 
804 
1115 
899 
414 
737 
96 
791 
574 
288 
710 
160 
32 
1601 
441 
629 
247 
467 
683 
1126 
1172 
372 
424 
127 
1301 
1193 
817 
1314 
600 
592 
461 
1085 
1166 
366 
1219 
1546 
1114 
898 
412 
572 
790 
708 
669 
1409 
400 
351 
560 
246 
466 
1124 
682 
126 
319 
837 
1543 
1111 
408 
783 
112 
627 
568 
336 
304 
239 
437 
679 
1164 
364 
176 
208 
48 
1218 
788 
1040 
528 
80 
272 
144 
16 
721 
1299 
244 
1160 
360 
350 
621 
459 
1137 
191 
124 
1083 
1189 
1569 
120 
318 
1542 
1110 
782 
667 
626 
809 
223 
1293 
238 
678 
344 
312 
835 
348 
776 
1103 
1298 
232 
316 
1540 
1108 
184 
780 
458 
190 
1177 
377 
435 
1082 
216 
236 
1096 
676 
56 
666 
63 
222 
1048 
1064 
188 
648 
619 
536 
88 
280 
152 
24 
834 
584 
392 
552 
455 
104 
328 
296 
168 
200 
40 
1032 
520 
72 
264 
136 
8 
1102 
1079 
1187 
220 
429 
1100 
434 
663 
1345 
1291 
713 
62 
60 
618 
452 
1129 
1076 
454 
605 
1078 
1186 
805 
660 
1055 
662 
1290 
1052 
1071 
1553 
481 
1068 
652 
612 
655 
615 
1284 
1173 
373 
540 
92 
1054 
284 
156 
28 
689 
420 
1070 
427 
596 
588 
793 
396 
556 
654 
1287 
404 
108 
564 
332 
300 
614 
172 
204 
44 
1036 
524 
76 
268 
140 
12 
1156 
356 
116 
340 
308 
772 
228 
180 
212 
1092 
52 
1044 
1060 
644 
532 
84 
276 
148 
20 
580 
388 
548 
100 
324 
292 
164 
196 
36 
1028 
516 
68 
260 
132 
4 
426 
249 
1286 
603 
543 
803 
413 
602 
95 
542 
802 
573 
287 
709 
159 
31 
94 
286 
158 
30 
1170 
370 
422 
1125 
1171 
371 
423 
598 
590 
410 
570 
706 
398 
558 
1313 
1122 
599 
591 
406 
110 
566 
334 
302 
1162 
362 
174 
206 
1165 
46 
365 
786 
1038 
526 
78 
270 
142 
14 
1545 
242 
1158 
358 
1113 
122 
897 
411 
118 
571 
789 
707 
342 
310 
346 
774 
230 
314 
1538 
1106 
182 
778 
214 
234 
1094 
674 
54 
1046 
1062 
186 
646 
534 
86 
278 
150 
22 
582 
390 
550 
102 
326 
294 
166 
198 
38 
1030 
518 
70 
262 
134 
6 
399 
218 
1098 
559 
58 
450 
1074 
658 
245 
1050 
1066 
650 
610 
1282 
538 
90 
282 
154 
26 
418 
594 
586 
394 
554 
402 
106 
562 
330 
298 
170 
202 
42 
1034 
522 
74 
266 
138 
10 
1154 
354 
114 
338 
306 
770 
226 
178 
210 
1090 
50 
1042 
1058 
642 
530 
82 
274 
146 
18 
578 
386 
546 
98 
322 
290 
162 
194 
34 
1026 
2 
66 
130 
258 
514 
465 
1123 
681 
125 
407 
111 
567 
335 
303 
1163 
363 
175 
207 
47 
1217 
787 
1039 
527 
79 
271 
143 
15 
243 
1159 
359 
349 
123 
119 
317 
1541 
1109 
781 
625 
237 
677 
343 
311 
347 
775 
1297 
231 
315 
1539 
1107 
183 
779 
457 
189 
1081 
215 
235 
1095 
675 
55 
665 
221 
1047 
1063 
187 
647 
535 
87 
279 
151 
23 
833 
583 
391 
551 
103 
327 
295 
167 
199 
39 
1031 
519 
71 
263 
135 
7 
1101 
219 
1099 
433 
61 
59 
617 
451 
1075 
453 
1077 
1185 
659 
661 
1289 
1051 
1067 
651 
611 
1283 
539 
91 
1053 
283 
155 
27 
419 
1069 
595 
587 
395 
555 
653 
403 
107 
563 
331 
299 
613 
171 
203 
43 
1035 
523 
75 
267 
139 
11 
1155 
355 
115 
339 
307 
771 
227 
179 
211 
1091 
51 
1043 
1059 
643 
531 
83 
275 
147 
19 
579 
387 
547 
99 
323 
291 
163 
195 
35 
1027 
515 
67 
131 
259 
3 
425 
1285 
601 
541 
801 
93 
285 
157 
29 
1169 
369 
421 
597 
589 
409 
569 
705 
397 
557 
1121 
405 
109 
565 
333 
301 
1161 
361 
173 
205 
45 
785 
1037 
525 
77 
269 
141 
13 
241 
1157 
357 
121 
117 
341 
309 
345 
773 
229 
313 
1537 
1105 
181 
777 
213 
233 
1093 
673 
53 
1045 
1061 
185 
645 
533 
85 
277 
149 
21 
581 
389 
549 
101 
325 
293 
165 
197 
37 
1029 
517 
69 
261 
133 
5 
217 
1097 
57 
449 
1073 
657 
1049 
1065 
649 
609 
1281 
537 
89 
281 
153 
25 
417 
593 
585 
393 
553 
401 
105 
561 
329 
297 
169 
201 
41 
1033 
521 
73 
265 
9 
137 
1153 
353 
113 
337 
305 
769 
225 
177 
209 
1089 
49 
1041 
1057 
641 
529 
81 
273 
17 
145 
577 
385 
545 
1 
33 
65 
97 
129 
161 
193 
257 
289 
321 
513 
1025 
