2048 
2016 
1984 
1920 
1792 
1536 
1024 
2032 
2000 
1968 
1952 
1904 
1888 
1856 
1776 
1760 
1728 
1520 
1504 
1664 
1472 
1784 
1912 
1976 
2008 
2040 
1528 
1016 
1408 
2024 
1008 
992 
1992 
1960 
1944 
1896 
1936 
960 
1880 
1872 
1280 
1848 
1768 
1840 
1752 
1744 
896 
1824 
1720 
1712 
1512 
1696 
1496 
1656 
1488 
1648 
1464 
768 
1456 
1632 
1020 
1532 
1724 
1756 
1772 
1788 
1852 
1884 
1900 
1916 
1948 
1964 
1980 
1996 
2012 
2028 
2044 
1516 
1500 
1660 
1468 
1780 
1908 
1972 
2004 
2036 
1524 
1012 
1404 
2020 
1440 
1004 
1400 
1000 
988 
1988 
1392 
1600 
984 
1956 
1940 
976 
1892 
1932 
956 
1376 
1876 
1928 
952 
1868 
512 
1276 
1844 
1864 
944 
1272 
1764 
1836 
1748 
1832 
1264 
1740 
892 
1820 
1344 
1716 
1736 
888 
1816 
928 
1708 
1704 
880 
1248 
1808 
1508 
1692 
1492 
1652 
1688 
1484 
1644 
1460 
864 
1480 
1640 
764 
1680 
958 
990 
1006 
1014 
1022 
1278 
1406 
1470 
1502 
1518 
1526 
1534 
1662 
1726 
1742 
1750 
1758 
1766 
1774 
1782 
1790 
1838 
1846 
1854 
1870 
1878 
1886 
1894 
1902 
1910 
1918 
1934 
1942 
1950 
1958 
1966 
1974 
1982 
1990 
1998 
2006 
2014 
2022 
2030 
2038 
2046 
894 
1718 
1822 
1710 
1510 
1694 
1494 
1654 
1486 
1646 
1462 
766 
1454 
1452 
1630 
1018 
1530 
1722 
1754 
1770 
1786 
1850 
1882 
1898 
1914 
1946 
1962 
1978 
1994 
2010 
2026 
2042 
1514 
1498 
1658 
1466 
1628 
1216 
760 
1778 
1906 
1970 
2002 
2034 
1522 
1448 
1010 
1402 
1624 
2018 
1438 
1002 
1398 
1436 
998 
1396 
752 
986 
996 
1986 
1390 
1598 
1432 
982 
1616 
1954 
1388 
832 
1596 
980 
1938 
974 
1890 
1930 
1384 
954 
1592 
972 
1374 
1874 
1926 
950 
1424 
1372 
736 
1866 
1924 
510 
948 
1274 
968 
1152 
1842 
1862 
942 
508 
1270 
1762 
1368 
1834 
1860 
1584 
940 
1268 
1746 
1830 
504 
1262 
1738 
890 
1818 
1828 
936 
1342 
1260 
1714 
1734 
886 
1814 
926 
1340 
1360 
1706 
1732 
884 
1812 
924 
1256 
1702 
496 
878 
1246 
704 
1806 
1568 
1506 
1336 
1690 
1700 
876 
1244 
1804 
920 
1490 
1650 
1686 
1482 
1642 
511 
767 
895 
943 
951 
955 
959 
975 
983 
987 
991 
999 
1003 
1007 
1011 
1015 
1019 
1023 
1271 
1275 
1279 
1375 
1391 
1399 
1403 
1407 
1439 
1455 
1463 
1467 
1471 
1487 
1495 
1499 
1503 
1511 
1515 
1519 
1523 
1527 
1531 
1535 
1599 
1631 
1647 
1655 
1659 
1663 
1695 
1711 
1719 
1723 
1727 
1743 
1747 
1751 
1755 
1759 
1763 
1767 
1771 
1775 
1779 
1783 
1787 
1791 
1823 
1835 
1839 
1843 
1847 
1851 
1855 
1863 
1867 
1871 
1875 
1879 
1883 
1887 
1891 
1895 
1899 
1903 
1907 
1911 
1915 
1919 
1927 
1931 
1935 
1939 
1943 
1947 
1951 
1955 
1959 
1963 
1967 
1971 
1975 
1979 
1983 
1987 
1991 
1995 
1999 
2003 
2007 
2011 
2015 
2019 
2023 
2027 
2031 
2035 
2039 
2043 
2047 
1263 
1831 
891 
1739 
1819 
1343 
1715 
1735 
887 
927 
1815 
1707 
1703 
879 
1247 
1807 
1507 
1691 
1491 
1684 
1651 
1687 
1483 
872 
1643 
1240 
1800 
1459 
763 
1679 
863 
1479 
1458 
1639 
1493 
1653 
957 
989 
1005 
1013 
1021 
1277 
1405 
1469 
1501 
1517 
1525 
1533 
1661 
1725 
1741 
1749 
1757 
1765 
1773 
1781 
1789 
1837 
1845 
1853 
1869 
1877 
1885 
1893 
1901 
1909 
1917 
1933 
1941 
1949 
1957 
1965 
1973 
1981 
1989 
1997 
2005 
2013 
2021 
2029 
2037 
2045 
893 
1717 
1821 
1709 
1509 
1693 
1485 
1645 
862 
1478 
1461 
765 
1638 
762 
1453 
1678 
1328 
1451 
1629 
1017 
1529 
1721 
1753 
1769 
1785 
1849 
1881 
1897 
1913 
1945 
1961 
1977 
1993 
2009 
2025 
2041 
1513 
1497 
1657 
1465 
1627 
1215 
759 
1450 
860 
1476 
912 
1777 
1905 
1969 
2001 
2033 
1521 
480 
1626 
1636 
1214 
758 
1676 
1447 
1009 
1401 
1623 
2017 
1437 
1001 
1446 
1397 
1622 
1435 
1212 
997 
756 
1395 
751 
1232 
1434 
985 
995 
856 
1444 
1985 
1389 
1620 
1394 
750 
1672 
1597 
1431 
981 
994 
1615 
1953 
640 
1387 
831 
1595 
1430 
979 
1614 
1937 
1386 
748 
830 
1594 
1208 
973 
978 
1312 
1889 
1929 
1383 
953 
1591 
1428 
971 
1373 
1612 
1873 
1925 
1382 
949 
828 
1423 
1590 
970 
1371 
735 
1865 
1923 
509 
947 
1273 
848 
1422 
967 
1151 
1370 
1841 
734 
1861 
448 
744 
1922 
1380 
941 
507 
946 
1269 
1588 
1761 
966 
1150 
1367 
1833 
1859 
1583 
939 
506 
1420 
1267 
1200 
1745 
1608 
1366 
732 
1829 
1858 
824 
1582 
503 
938 
1261 
1266 
964 
1737 
1148 
889 
1817 
1827 
935 
1341 
502 
1259 
1713 
1733 
1364 
885 
1813 
925 
1826 
1580 
934 
1339 
1258 
1359 
1705 
1731 
1416 
883 
1811 
923 
500 
1255 
1338 
728 
1358 
1701 
1730 
495 
877 
1245 
703 
882 
1805 
1567 
1810 
922 
1505 
1144 
932 
1335 
1254 
1689 
1699 
816 
494 
875 
1243 
702 
1803 
919 
1566 
1489 
1334 
1649 
1356 
1576 
1685 
1698 
874 
1242 
1184 
1802 
918 
1481 
1252 
1641 
1683 
492 
871 
1239 
384 
700 
1799 
1564 
1457 
1332 
861 
1477 
1637 
761 
1677 
1327 
1682 
870 
1238 
1798 
720 
916 
1449 
859 
1475 
911 
479 
1625 
1635 
1213 
1136 
757 
1675 
1326 
1352 
1445 
858 
1474 
910 
478 
1621 
1634 
1211 
755 
1674 
868 
1236 
1796 
488 
696 
1231 
1560 
1433 
855 
1443 
800 
1619 
1393 
749 
1671 
1210 
754 
1324 
993 
639 
1230 
1429 
854 
1442 
1613 
908 
476 
1618 
1385 
747 
1670 
829 
1593 
1207 
977 
1311 
638 
1427 
1611 
746 
1381 
827 
1206 
1589 
256 
969 
1310 
1228 
847 
1421 
1426 
852 
1320 
1610 
1369 
1120 
733 
447 
1668 
743 
1921 
1379 
826 
945 
1587 
688 
965 
1552 
636 
1149 
904 
472 
846 
505 
1419 
1199 
1607 
1365 
1204 
731 
446 
742 
1857 
1378 
823 
1581 
1308 
1586 
937 
1265 
963 
1147 
1418 
501 
1198 
1606 
1363 
1224 
730 
822 
1825 
1579 
933 
1257 
962 
1146 
844 
1415 
499 
632 
1337 
444 
740 
727 
1357 
1362 
1729 
881 
1809 
1578 
921 
1143 
931 
1253 
815 
1414 
1196 
493 
1304 
1604 
701 
1565 
498 
464 
1333 
820 
726 
1355 
1575 
1697 
873 
672 
1241 
1183 
1801 
1142 
917 
930 
1088 
1251 
814 
491 
383 
699 
1563 
840 
1331 
1354 
1574 
440 
1681 
869 
1182 
1237 
1412 
1797 
719 
915 
1250 
724 
1135 
1325 
1351 
624 
490 
382 
698 
1192 
1562 
1140 
1330 
857 
1473 
909 
477 
1633 
1673 
812 
867 
1235 
1795 
487 
695 
718 
914 
1296 
1559 
799 
1572 
1134 
1209 
753 
1323 
1180 
1350 
1229 
853 
1441 
907 
475 
1617 
380 
1669 
866 
1234 
1794 
486 
637 
694 
1558 
798 
432 
1322 
716 
745 
1205 
255 
1309 
1227 
1132 
1425 
906 
808 
851 
1348 
474 
1319 
1609 
1119 
1667 
825 
687 
608 
1551 
635 
903 
471 
1176 
845 
484 
692 
1556 
1203 
254 
445 
741 
1377 
796 
1307 
1585 
1226 
376 
850 
1318 
1118 
1417 
1666 
1197 
1605 
686 
1223 
1550 
729 
634 
821 
902 
712 
470 
961 
1145 
843 
1128 
1202 
631 
443 
1306 
739 
416 
1361 
252 
1577 
1222 
1413 
1195 
1303 
1603 
1316 
576 
497 
463 
1116 
819 
725 
792 
1168 
842 
684 
1548 
671 
900 
1141 
630 
929 
468 
442 
1087 
738 
368 
813 
839 
1353 
1573 
1194 
1302 
1602 
439 
462 
1181 
1411 
818 
1249 
723 
1220 
670 
623 
489 
248 
381 
1086 
697 
1191 
1561 
1139 
1329 
811 
838 
628 
1112 
717 
913 
1295 
680 
438 
1544 
1571 
1410 
784 
1133 
1179 
1349 
722 
1300 
622 
352 
460 
1190 
379 
1138 
865 
1233 
1793 
485 
668 
693 
1557 
810 
1084 
797 
431 
1294 
1321 
715 
1570 
836 
240 
1131 
1178 
905 
807 
1347 
473 
436 
320 
1104 
607 
378 
128 
1175 
620 
483 
691 
1188 
1555 
253 
430 
456 
795 
714 
1225 
375 
849 
1317 
664 
1292 
1117 
1130 
1665 
1080 
806 
1346 
685 
1549 
633 
901 
711 
224 
469 
606 
1127 
1201 
1174 
482 
192 
1305 
690 
415 
1554 
794 
251 
374 
616 
428 
1221 
1315 
575 
1115 
791 
1167 
841 
710 
804 
656 
683 
1547 
1288 
1072 
899 
629 
467 
441 
737 
1126 
604 
367 
414 
1172 
250 
1193 
1301 
1601 
461 
372 
1056 
817 
1314 
574 
1114 
424 
1219 
669 
790 
1166 
247 
682 
1085 
1546 
898 
708 
64 
466 
366 
837 
627 
1111 
1124 
600 
679 
412 
437 
1543 
1409 
783 
721 
1299 
621 
351 
459 
1218 
572 
1189 
1137 
246 
788 
1164 
667 
592 
809 
1083 
626 
1110 
364 
1293 
678 
1569 
1542 
835 
408 
782 
544 
239 
1177 
435 
1298 
319 
350 
568 
458 
1103 
377 
400 
1160 
288 
96 
244 
127 
160 
32 
666 
619 
1187 
1082 
560 
360 
429 
1108 
455 
713 
676 
834 
1540 
238 
780 
663 
1291 
1129 
1079 
805 
434 
1345 
318 
348 
1102 
223 
605 
126 
618 
336 
1173 
1186 
481 
776 
191 
689 
1553 
454 
304 
344 
793 
112 
236 
373 
662 
615 
1290 
208 
427 
1078 
176 
316 
1100 
1040 
48 
222 
232 
528 
124 
272 
80 
144 
16 
709 
312 
803 
655 
1096 
1287 
1071 
452 
120 
190 
1125 
603 
660 
1076 
413 
1171 
614 
426 
216 
220 
249 
184 
188 
371 
1055 
802 
654 
648 
1286 
1313 
573 
1064 
1070 
1113 
423 
612 
789 
1165 
602 
1048 
681 
1545 
56 
1170 
897 
707 
63 
652 
465 
1284 
1068 
584 
536 
365 
392 
280 
88 
152 
24 
552 
328 
296 
104 
200 
168 
1032 
40 
520 
264 
72 
136 
8 
1123 
370 
1054 
599 
411 
422 
1052 
420 
706 
62 
60 
596 
1122 
1217 
571 
598 
245 
410 
787 
1163 
591 
588 
404 
540 
625 
1109 
363 
570 
564 
396 
1156 
284 
92 
156 
28 
786 
1162 
556 
356 
677 
1541 
407 
590 
781 
543 
332 
772 
300 
340 
108 
204 
172 
1036 
44 
228 
524 
268 
76 
140 
12 
308 
1092 
116 
362 
212 
180 
644 
1060 
1044 
52 
580 
532 
388 
276 
84 
148 
20 
548 
324 
292 
100 
196 
164 
1028 
36 
516 
260 
68 
132 
4 
406 
1297 
542 
349 
567 
457 
399 
1159 
287 
566 
95 
243 
398 
1158 
159 
286 
94 
242 
31 
665 
158 
30 
558 
358 
1081 
559 
359 
1106 
1107 
674 
1538 
778 
675 
833 
1539 
346 
237 
779 
334 
774 
433 
302 
342 
110 
234 
317 
206 
174 
347 
314 
1098 
1101 
1038 
46 
230 
526 
122 
270 
78 
142 
14 
310 
1094 
450 
118 
658 
1074 
125 
214 
218 
182 
186 
617 
646 
1062 
335 
610 
1046 
54 
650 
1282 
1066 
582 
534 
390 
278 
86 
150 
22 
550 
326 
294 
102 
198 
166 
1030 
38 
518 
262 
70 
134 
6 
1185 
1050 
418 
58 
594 
586 
775 
402 
538 
562 
394 
1154 
282 
90 
154 
26 
554 
354 
330 
770 
298 
338 
106 
202 
170 
1034 
42 
226 
522 
266 
74 
138 
10 
306 
1090 
114 
210 
178 
642 
1058 
1042 
50 
578 
530 
386 
274 
82 
146 
18 
546 
322 
290 
98 
194 
162 
1026 
34 
514 
2 
66 
130 
258 
453 
303 
343 
111 
235 
661 
1289 
207 
1077 
175 
315 
1099 
1039 
47 
221 
231 
527 
123 
271 
79 
143 
15 
311 
1095 
451 
119 
189 
659 
1075 
613 
425 
215 
219 
183 
187 
801 
653 
647 
1285 
1063 
1069 
611 
601 
1047 
55 
1169 
651 
1283 
1067 
583 
535 
391 
279 
87 
151 
23 
551 
327 
295 
103 
199 
167 
1031 
39 
519 
263 
71 
135 
7 
369 
1053 
421 
1051 
419 
705 
61 
59 
595 
1121 
597 
409 
587 
403 
539 
569 
563 
395 
1155 
283 
91 
155 
27 
785 
1161 
555 
355 
589 
331 
771 
299 
339 
107 
203 
171 
1035 
43 
227 
523 
267 
75 
139 
11 
307 
1091 
115 
361 
211 
179 
643 
1059 
1043 
51 
579 
531 
387 
275 
83 
147 
19 
547 
323 
291 
99 
195 
163 
1027 
35 
515 
259 
67 
131 
3 
405 
541 
565 
397 
1157 
285 
93 
241 
157 
29 
557 
357 
1105 
673 
1537 
777 
345 
333 
773 
301 
341 
109 
233 
205 
173 
313 
1097 
1037 
45 
229 
525 
121 
269 
77 
141 
13 
309 
1093 
449 
117 
657 
1073 
213 
217 
181 
185 
645 
1061 
609 
1045 
53 
649 
1281 
1065 
581 
533 
389 
277 
85 
149 
21 
549 
325 
293 
101 
197 
165 
1029 
37 
517 
261 
69 
133 
5 
1049 
417 
57 
593 
585 
401 
537 
561 
393 
1153 
281 
89 
153 
25 
553 
353 
329 
769 
297 
337 
105 
201 
169 
1033 
41 
225 
521 
265 
73 
137 
9 
305 
1089 
113 
209 
177 
641 
1057 
1041 
49 
577 
529 
385 
273 
81 
145 
17 
545 
321 
97 
289 
1 
33 
65 
129 
161 
193 
257 
513 
1025 
