2048 
1984 
1920 
2016 
1792 
1536 
1024 
1952 
2032 
1968 
1904 
2000 
1888 
1856 
1776 
1760 
1728 
1520 
1664 
1504 
1472 
1408 
1008 
992 
960 
1528 
1784 
1912 
1976 
2008 
2040 
1016 
1944 
2024 
1960 
1280 
1896 
1936 
1992 
1880 
1872 
1848 
1768 
896 
1840 
1752 
1744 
1824 
1720 
1712 
1512 
1696 
1656 
1496 
768 
1648 
1488 
1464 
1632 
1456 
1440 
1400 
1000 
1600 
1392 
984 
1020 
1500 
1516 
1532 
1660 
1724 
1756 
1772 
1788 
1852 
1884 
1900 
1916 
1948 
1964 
1980 
1996 
2012 
2028 
2044 
1468 
1404 
1004 
988 
976 
1376 
956 
1524 
1780 
1908 
1972 
2004 
2036 
1012 
512 
952 
1940 
2020 
1956 
1276 
1892 
1932 
1988 
944 
1272 
1876 
1928 
1868 
1264 
1844 
1864 
1764 
1344 
892 
1836 
928 
1748 
888 
1832 
1740 
1820 
1716 
1736 
1248 
880 
1816 
1708 
1704 
1808 
1508 
1692 
1652 
1492 
1688 
864 
764 
1644 
1484 
1216 
760 
1460 
1640 
1480 
1680 
1628 
1452 
752 
1624 
1448 
832 
1436 
1396 
1616 
1432 
996 
1596 
1388 
894 
958 
990 
1006 
1014 
1022 
1278 
1406 
1470 
1494 
1502 
1510 
1518 
1526 
1534 
1654 
1662 
1694 
1710 
1718 
1726 
1742 
1750 
1758 
1766 
1774 
1782 
1790 
1822 
1838 
1846 
1854 
1870 
1878 
1886 
1894 
1902 
1910 
1918 
1934 
1942 
1950 
1958 
1966 
1974 
1982 
1990 
1998 
2006 
2014 
2022 
2030 
2038 
2046 
766 
1486 
1646 
1462 
1630 
1454 
1438 
1398 
998 
1598 
1390 
980 
736 
982 
1592 
1402 
1018 
1498 
1514 
1530 
1658 
1722 
1754 
1770 
1786 
1850 
1882 
1898 
1914 
1946 
1962 
1978 
1994 
2010 
2026 
2042 
1466 
1002 
1384 
986 
974 
1152 
1424 
1374 
954 
1522 
1778 
1906 
1970 
2002 
2034 
1010 
972 
510 
1372 
950 
1938 
2018 
508 
1954 
948 
1274 
1890 
1930 
968 
1986 
1584 
1368 
942 
1270 
1874 
1926 
504 
940 
1268 
1866 
1924 
1262 
1842 
1862 
1762 
1342 
936 
890 
1260 
1834 
1860 
1360 
926 
704 
1746 
1340 
886 
1830 
496 
924 
1738 
1256 
884 
1818 
1828 
1568 
1714 
1336 
1734 
1246 
878 
1814 
920 
1706 
1732 
1244 
876 
1812 
1702 
1806 
1506 
1690 
1700 
1240 
872 
1804 
480 
1328 
1650 
1490 
1686 
862 
912 
762 
1642 
1482 
1684 
860 
1214 
1800 
758 
1458 
1638 
1478 
1678 
1212 
1232 
640 
756 
1626 
1450 
1636 
1476 
1676 
856 
750 
1622 
1446 
1208 
1312 
748 
830 
1434 
1620 
1672 
1444 
1394 
511 
767 
879 
887 
891 
895 
927 
943 
951 
955 
959 
975 
983 
987 
991 
999 
1003 
1007 
1011 
1015 
1019 
1023 
1247 
1263 
1271 
1275 
1279 
1343 
1375 
1391 
1399 
1403 
1407 
1439 
1455 
1463 
1467 
1471 
1487 
1495 
1499 
1503 
1507 
1511 
1515 
1519 
1523 
1527 
1531 
1535 
1599 
1631 
1647 
1655 
1659 
1663 
1695 
1703 
1707 
1711 
1715 
1719 
1723 
1727 
1735 
1739 
1743 
1747 
1751 
1755 
1759 
1763 
1767 
1771 
1775 
1779 
1783 
1787 
1791 
1807 
1815 
1819 
1823 
1831 
1835 
1839 
1843 
1847 
1851 
1855 
1863 
1867 
1871 
1875 
1879 
1883 
1887 
1891 
1895 
1899 
1903 
1907 
1911 
1915 
1919 
1927 
1931 
1935 
1939 
1943 
1947 
1951 
1955 
1959 
1963 
1967 
1971 
1975 
1979 
1983 
1987 
1991 
1995 
1999 
2003 
2007 
2011 
2015 
2019 
2023 
2027 
2031 
2035 
2039 
2043 
2047 
1691 
863 
1491 
1651 
1687 
763 
1483 
1643 
1215 
759 
1459 
1479 
1639 
1679 
1627 
1451 
1614 
751 
1623 
1447 
828 
1430 
831 
1435 
1395 
994 
1615 
1431 
448 
995 
1595 
1387 
1594 
848 
893 
957 
989 
1005 
1013 
1021 
1277 
1405 
1469 
1493 
1501 
1509 
1517 
1525 
1533 
1653 
1661 
1693 
1709 
1717 
1725 
1741 
1749 
1757 
1765 
1773 
1781 
1789 
1821 
1837 
1845 
1853 
1869 
1877 
1885 
1893 
1901 
1909 
1917 
1933 
1941 
1949 
1957 
1965 
1973 
1981 
1989 
1997 
2005 
2013 
2021 
2029 
2037 
2045 
765 
1485 
1645 
1461 
1629 
1453 
1437 
1397 
997 
1386 
1597 
1389 
979 
735 
981 
744 
1591 
1612 
1428 
1401 
1017 
1497 
1513 
1529 
1657 
1721 
1753 
1769 
1785 
1849 
1881 
1897 
1913 
1945 
1961 
1977 
1993 
2009 
2025 
2041 
1465 
1001 
1383 
985 
973 
1151 
978 
734 
1423 
1373 
1590 
953 
1200 
1382 
1521 
1777 
1905 
1969 
2001 
2033 
1009 
971 
1150 
509 
824 
1422 
1371 
949 
1937 
2017 
970 
732 
507 
1953 
1370 
1588 
947 
1273 
1889 
1380 
1929 
967 
1148 
1985 
506 
1583 
1608 
1420 
1367 
941 
946 
1269 
1873 
1925 
966 
503 
1582 
1366 
939 
1267 
1865 
1923 
502 
938 
1261 
728 
1266 
1841 
1861 
964 
1922 
1580 
1761 
1364 
1341 
935 
889 
1259 
1833 
1144 
1859 
500 
1359 
816 
925 
703 
1416 
1745 
1339 
934 
885 
1258 
1829 
1858 
495 
1358 
923 
702 
1737 
1338 
1184 
1255 
883 
1817 
1827 
1567 
494 
922 
1713 
1335 
1733 
1245 
932 
877 
1254 
882 
1813 
1826 
1566 
384 
1576 
1356 
919 
700 
1705 
1334 
1731 
1243 
875 
1811 
492 
720 
918 
1701 
1730 
1242 
1252 
874 
1805 
1810 
1564 
1136 
1505 
1689 
1332 
1699 
1239 
871 
1803 
479 
916 
1327 
1649 
1489 
1685 
861 
1698 
1238 
870 
1802 
1352 
696 
911 
478 
761 
800 
1326 
1641 
1481 
488 
1683 
859 
1213 
1799 
910 
757 
1457 
1637 
1477 
1677 
1560 
1236 
1682 
858 
868 
1211 
1798 
1231 
476 
639 
1324 
755 
1625 
1449 
1635 
1475 
1675 
855 
1210 
908 
1230 
638 
749 
754 
1621 
1445 
1634 
1474 
1674 
854 
1207 
1796 
1311 
747 
829 
1433 
1120 
1619 
1671 
1443 
688 
1206 
1393 
1228 
1310 
636 
256 
1613 
746 
827 
1429 
472 
1618 
1670 
852 
1442 
993 
447 
1320 
1593 
847 
1385 
1552 
743 
904 
1611 
826 
1427 
977 
446 
1204 
733 
1589 
846 
1199 
1308 
1381 
1149 
742 
823 
1421 
1668 
1610 
1426 
969 
731 
1369 
1587 
1198 
1379 
1147 
1224 
505 
632 
1607 
822 
1419 
945 
444 
965 
730 
1581 
844 
1586 
1365 
1378 
1146 
501 
740 
1606 
1418 
937 
727 
464 
1265 
963 
1921 
1579 
672 
1363 
1304 
1196 
1143 
499 
820 
815 
1415 
933 
726 
1257 
962 
1088 
1857 
1357 
1578 
701 
1362 
1337 
1183 
1142 
493 
498 
1604 
814 
440 
1414 
921 
931 
1253 
840 
881 
1825 
1565 
383 
1575 
1355 
699 
624 
1182 
1333 
491 
719 
917 
724 
930 
1192 
1729 
1241 
1251 
873 
1809 
1563 
1135 
382 
1574 
1354 
698 
1140 
1331 
812 
1412 
490 
718 
915 
1296 
1250 
1697 
1237 
869 
1801 
1351 
1562 
1134 
695 
1180 
477 
799 
1325 
1330 
487 
909 
914 
380 
1572 
1559 
1235 
1681 
857 
867 
432 
1350 
1797 
694 
475 
798 
1323 
486 
716 
1209 
907 
1229 
637 
1132 
808 
753 
1558 
1234 
1633 
1473 
1673 
853 
866 
1795 
608 
474 
1322 
1119 
1176 
687 
1205 
906 
1348 
1227 
1309 
635 
255 
692 
745 
796 
471 
1617 
1669 
851 
1441 
484 
1319 
1794 
376 
1551 
903 
1118 
825 
686 
1556 
445 
1203 
712 
845 
1307 
1226 
634 
254 
741 
1667 
1128 
1609 
1425 
470 
850 
1318 
1197 
1550 
416 
1223 
631 
902 
821 
443 
1202 
729 
843 
1585 
1306 
1377 
1145 
1116 
739 
684 
792 
1605 
1417 
1666 
1168 
463 
252 
671 
1303 
1195 
468 
576 
1222 
630 
1316 
819 
442 
368 
725 
1548 
961 
1087 
842 
1577 
900 
1361 
738 
1141 
497 
1603 
813 
439 
1413 
462 
839 
670 
1302 
1194 
623 
1181 
818 
1086 
723 
1220 
929 
628 
1112 
1191 
680 
381 
1573 
1353 
697 
1139 
1602 
438 
248 
811 
1411 
489 
784 
838 
717 
1295 
1249 
622 
460 
1561 
1133 
1544 
1179 
668 
1329 
1300 
722 
1190 
913 
379 
1571 
1138 
352 
1084 
431 
1349 
810 
1410 
693 
797 
485 
1294 
715 
436 
1178 
836 
1131 
807 
1557 
1233 
865 
620 
1104 
607 
473 
1321 
378 
1570 
1175 
430 
240 
1188 
456 
905 
1347 
691 
714 
664 
795 
483 
1793 
375 
1130 
806 
1292 
1117 
1080 
685 
1555 
320 
606 
711 
1225 
633 
253 
1174 
1127 
469 
849 
1317 
1346 
690 
794 
1549 
415 
428 
482 
901 
616 
374 
1201 
1305 
1554 
1115 
683 
791 
710 
1665 
1167 
804 
224 
251 
1126 
656 
467 
604 
575 
1221 
629 
1315 
1288 
441 
1172 
367 
414 
1547 
841 
899 
1072 
737 
128 
461 
372 
1114 
682 
790 
669 
1301 
1193 
1166 
424 
192 
250 
817 
708 
466 
574 
1085 
1314 
1219 
627 
1111 
679 
366 
1124 
1546 
1601 
898 
437 
247 
412 
783 
837 
600 
621 
459 
1056 
1543 
667 
1299 
721 
788 
1189 
1164 
1218 
626 
1110 
1137 
351 
678 
1083 
809 
1409 
572 
246 
1293 
364 
782 
435 
1177 
835 
458 
1542 
619 
408 
592 
666 
1103 
1298 
377 
1569 
429 
239 
1187 
455 
350 
1082 
713 
663 
1108 
1160 
676 
1129 
434 
805 
568 
244 
1291 
834 
1079 
780 
360 
319 
605 
618 
1102 
1173 
1540 
400 
1345 
689 
238 
1186 
64 
454 
793 
427 
481 
615 
373 
662 
348 
560 
1553 
1290 
709 
1078 
544 
803 
318 
223 
776 
1125 
655 
603 
1100 
1287 
1171 
413 
236 
426 
1071 
452 
614 
344 
127 
660 
371 
1113 
681 
789 
1165 
423 
1076 
802 
222 
191 
288 
249 
316 
336 
707 
465 
1096 
654 
573 
602 
96 
1313 
160 
1286 
1170 
365 
32 
232 
1123 
1545 
897 
1070 
612 
126 
411 
599 
370 
312 
1055 
304 
422 
220 
190 
706 
787 
652 
1163 
1284 
1217 
625 
1109 
208 
1122 
677 
1068 
571 
112 
124 
216 
245 
410 
176 
598 
363 
648 
781 
1040 
420 
1054 
188 
1064 
457 
1541 
120 
786 
407 
48 
591 
665 
528 
1297 
272 
80 
144 
16 
1162 
184 
570 
596 
349 
1081 
362 
1052 
1107 
1159 
1048 
675 
433 
567 
243 
406 
590 
833 
779 
359 
584 
617 
1101 
1539 
399 
392 
404 
588 
1106 
1158 
56 
674 
237 
1185 
63 
552 
536 
453 
566 
242 
280 
328 
88 
152 
24 
296 
200 
104 
168 
661 
1032 
40 
520 
264 
72 
136 
8 
347 
1156 
778 
358 
564 
559 
1538 
356 
398 
1289 
1077 
396 
543 
62 
317 
60 
775 
346 
556 
1099 
540 
558 
772 
542 
235 
425 
340 
774 
451 
613 
284 
343 
332 
1098 
1092 
659 
92 
156 
28 
228 
308 
300 
234 
204 
450 
108 
212 
172 
644 
1036 
1060 
116 
44 
524 
268 
76 
140 
12 
180 
342 
1044 
580 
388 
52 
548 
532 
276 
324 
84 
148 
20 
292 
196 
100 
164 
1028 
36 
516 
260 
68 
132 
4 
658 
1075 
801 
221 
287 
315 
335 
1074 
1095 
653 
286 
601 
314 
95 
334 
159 
1285 
1094 
94 
158 
1169 
31 
231 
30 
230 
1069 
610 
611 
125 
310 
302 
218 
369 
650 
1282 
311 
206 
303 
1066 
421 
110 
122 
219 
189 
214 
174 
646 
1038 
418 
186 
1062 
705 
118 
651 
46 
526 
270 
78 
142 
14 
182 
594 
1283 
1050 
1046 
207 
1121 
582 
390 
402 
586 
54 
550 
534 
278 
326 
86 
150 
22 
294 
198 
102 
166 
1030 
38 
518 
262 
70 
134 
6 
1154 
1067 
562 
354 
394 
58 
554 
538 
770 
338 
282 
330 
1090 
90 
154 
26 
226 
306 
298 
202 
106 
210 
170 
642 
1034 
1058 
114 
42 
522 
266 
74 
138 
10 
178 
1042 
578 
386 
50 
546 
530 
274 
322 
82 
146 
18 
290 
194 
98 
162 
1026 
34 
514 
2 
66 
130 
258 
111 
123 
215 
409 
175 
597 
647 
1039 
419 
1053 
187 
1063 
119 
785 
47 
527 
271 
79 
143 
15 
1161 
183 
569 
595 
361 
1051 
1047 
405 
589 
583 
391 
403 
587 
1105 
1157 
55 
673 
551 
535 
565 
241 
279 
327 
87 
151 
23 
295 
199 
103 
167 
1031 
39 
519 
263 
71 
135 
7 
1155 
777 
357 
563 
1537 
355 
397 
395 
61 
59 
345 
555 
539 
557 
771 
541 
339 
773 
283 
331 
1097 
1091 
91 
155 
27 
227 
307 
299 
233 
203 
449 
107 
211 
171 
643 
1035 
1059 
115 
43 
523 
267 
75 
139 
11 
179 
341 
1043 
579 
387 
51 
547 
531 
275 
323 
83 
147 
19 
291 
195 
99 
163 
1027 
35 
515 
259 
67 
131 
3 
657 
1073 
285 
313 
333 
1093 
93 
157 
29 
229 
609 
309 
301 
217 
649 
1281 
205 
1065 
109 
121 
213 
173 
645 
1037 
417 
185 
1061 
117 
45 
525 
269 
77 
141 
13 
181 
593 
1049 
1045 
581 
389 
401 
585 
53 
549 
533 
277 
325 
85 
149 
21 
293 
197 
101 
165 
1029 
37 
517 
261 
69 
133 
5 
1153 
561 
353 
393 
57 
553 
537 
769 
337 
281 
329 
1089 
89 
153 
25 
225 
305 
297 
201 
105 
209 
169 
641 
1033 
1057 
113 
41 
521 
265 
73 
137 
9 
177 
1041 
577 
385 
49 
545 
529 
273 
321 
81 
145 
17 
289 
193 
97 
161 
1 
33 
65 
129 
257 
513 
1025 
