2048 
1984 
1920 
1792 
2016 
1536 
1024 
1952 
1888 
1856 
2032 
1968 
1904 
1760 
1776 
2000 
1728 
1520 
1664 
1504 
1472 
1408 
1008 
992 
960 
1280 
1936 
896 
1872 
1016 
1528 
1784 
1912 
1976 
2008 
2040 
1944 
1880 
1840 
1848 
2024 
1960 
1896 
1752 
1768 
1992 
1744 
1824 
1720 
1712 
1696 
768 
1512 
1656 
1496 
1648 
1488 
1464 
1632 
1456 
1440 
1400 
1600 
1000 
1392 
984 
512 
976 
1376 
952 
944 
1272 
1264 
1344 
1928 
928 
888 
1020 
1404 
1468 
1500 
1516 
1532 
1660 
1724 
1756 
1772 
1788 
1852 
1884 
1900 
1916 
1948 
1964 
1980 
1996 
2012 
2028 
2044 
1004 
988 
956 
1276 
1932 
892 
1868 
1864 
1248 
1012 
1524 
1780 
1908 
1972 
2004 
2036 
1940 
1876 
1836 
1844 
880 
2020 
1956 
1892 
1748 
1764 
1832 
1988 
1740 
1820 
1716 
1736 
1816 
1708 
864 
1704 
1808 
1216 
1692 
764 
1508 
1652 
1688 
760 
1492 
1644 
1484 
1640 
1680 
752 
1460 
1480 
1628 
832 
1452 
1624 
1448 
1436 
1616 
736 
1396 
1152 
1432 
1596 
996 
1388 
1592 
980 
1384 
1424 
508 
972 
1372 
504 
1584 
948 
968 
1368 
704 
940 
1268 
496 
936 
1260 
1360 
766 
894 
958 
990 
1006 
1014 
1022 
1278 
1406 
1438 
1454 
1462 
1470 
1486 
1494 
1502 
1510 
1518 
1526 
1534 
1630 
1646 
1654 
1662 
1694 
1710 
1718 
1726 
1742 
1750 
1758 
1766 
1774 
1782 
1790 
1822 
1838 
1846 
1854 
1870 
1878 
1886 
1894 
1902 
1910 
1918 
1934 
1942 
1950 
1958 
1966 
1974 
1982 
1990 
1998 
2006 
2014 
2022 
2030 
2038 
2046 
1398 
1598 
998 
1390 
982 
510 
974 
1374 
950 
942 
1270 
1262 
1340 
1342 
1926 
1924 
926 
1568 
886 
1274 
1018 
1402 
1466 
1498 
1514 
1530 
1658 
1722 
1754 
1770 
1786 
1850 
1882 
1898 
1914 
1946 
1962 
1978 
1994 
2010 
2026 
2042 
1002 
986 
954 
924 
1930 
1256 
890 
1866 
1862 
884 
1246 
1010 
1522 
1778 
1906 
1970 
2002 
2034 
1938 
1874 
1336 
1834 
1842 
1860 
878 
920 
1244 
2018 
1954 
1890 
1746 
1762 
1830 
876 
1986 
480 
1738 
1818 
1828 
1240 
1714 
1734 
1814 
1328 
872 
1706 
1732 
862 
1812 
912 
1702 
1806 
860 
640 
1214 
1690 
762 
1700 
1506 
1804 
1232 
1650 
1212 
1686 
758 
1490 
856 
1642 
1684 
756 
1482 
1800 
1638 
1208 
1678 
750 
1458 
1312 
1478 
1626 
448 
1636 
830 
1676 
748 
1450 
1476 
1622 
828 
848 
1446 
1620 
1672 
744 
1434 
1444 
1200 
1614 
734 
824 
1394 
1150 
1430 
1594 
1612 
732 
994 
1386 
1148 
1428 
1590 
978 
1382 
1422 
506 
1588 
1608 
728 
970 
1370 
1144 
1380 
1420 
502 
816 
1582 
946 
966 
1366 
1184 
500 
1580 
702 
384 
938 
1266 
964 
1364 
1416 
511 
751 
759 
763 
767 
831 
863 
879 
887 
891 
895 
927 
943 
951 
955 
959 
975 
983 
987 
991 
999 
1003 
1007 
1011 
1015 
1019 
1023 
1215 
1247 
1263 
1271 
1275 
1279 
1343 
1375 
1391 
1399 
1403 
1407 
1439 
1447 
1451 
1455 
1459 
1463 
1467 
1471 
1479 
1483 
1487 
1491 
1495 
1499 
1503 
1507 
1511 
1515 
1519 
1523 
1527 
1531 
1535 
1599 
1623 
1627 
1631 
1639 
1643 
1647 
1651 
1655 
1659 
1663 
1679 
1687 
1691 
1695 
1703 
1707 
1711 
1715 
1719 
1723 
1727 
1735 
1739 
1743 
1747 
1751 
1755 
1759 
1763 
1767 
1771 
1775 
1779 
1783 
1787 
1791 
1807 
1815 
1819 
1823 
1831 
1835 
1839 
1843 
1847 
1851 
1855 
1863 
1867 
1871 
1875 
1879 
1883 
1887 
1891 
1895 
1899 
1903 
1907 
1911 
1915 
1919 
1927 
1931 
1935 
1939 
1943 
1947 
1951 
1955 
1959 
1963 
1967 
1971 
1975 
1979 
1983 
1987 
1991 
1995 
1999 
2003 
2007 
2011 
2015 
2019 
2023 
2027 
2031 
2035 
2039 
2043 
2047 
1435 
1615 
735 
1151 
1395 
1431 
1595 
995 
1387 
1591 
979 
1383 
1423 
507 
971 
1371 
503 
1583 
947 
967 
1367 
703 
494 
939 
1267 
495 
700 
935 
1259 
1359 
949 
765 
893 
957 
989 
1005 
1013 
1021 
1277 
1405 
1437 
1453 
1461 
1469 
1485 
1493 
1501 
1509 
1517 
1525 
1533 
1629 
1645 
1653 
1661 
1693 
1709 
1717 
1725 
1741 
1749 
1757 
1765 
1773 
1781 
1789 
1821 
1837 
1845 
1853 
1869 
1877 
1885 
1893 
1901 
1909 
1917 
1933 
1941 
1949 
1957 
1965 
1973 
1981 
1989 
1997 
2005 
2013 
2021 
2029 
2037 
2045 
1397 
1597 
997 
1389 
981 
509 
973 
1373 
941 
1269 
1261 
1339 
934 
1258 
1358 
1341 
1925 
1923 
720 
925 
1567 
885 
1273 
1017 
1401 
1465 
1497 
1513 
1529 
1657 
1721 
1753 
1769 
1785 
1849 
1881 
1897 
1913 
1945 
1961 
1977 
1993 
2009 
2025 
2041 
1001 
985 
953 
492 
923 
1576 
1929 
1136 
1338 
1255 
889 
1865 
1861 
1922 
1566 
883 
1245 
1009 
1521 
1777 
1905 
1969 
2001 
2033 
1937 
922 
1873 
1335 
932 
1254 
1356 
1833 
1841 
1859 
877 
882 
919 
1243 
2017 
1953 
1889 
1745 
1334 
696 
1761 
1829 
1858 
1564 
875 
800 
918 
1242 
1985 
479 
1737 
1252 
1817 
1827 
488 
874 
1239 
1332 
1713 
478 
1733 
1813 
1826 
1327 
871 
1352 
916 
1238 
1705 
1731 
861 
1811 
911 
1326 
870 
476 
1701 
1730 
1560 
1805 
859 
639 
1810 
910 
1236 
1213 
1689 
761 
1699 
1505 
1803 
858 
638 
1231 
1324 
1649 
868 
688 
1211 
1120 
1685 
757 
1698 
1489 
855 
1802 
908 
1230 
1641 
1210 
1683 
755 
1481 
1799 
636 
854 
1637 
1207 
472 
256 
1677 
749 
1682 
754 
1457 
1311 
1477 
1798 
1228 
1625 
447 
1635 
1206 
829 
1675 
747 
1449 
852 
1310 
1475 
1320 
1552 
1621 
446 
1634 
827 
1674 
746 
847 
904 
1796 
1445 
1474 
1619 
1204 
1671 
743 
826 
632 
846 
1433 
1308 
1443 
1199 
1613 
444 
1618 
733 
823 
1670 
742 
1393 
1224 
1149 
1429 
1442 
1593 
1198 
1611 
464 
672 
731 
993 
822 
844 
1385 
1147 
1427 
1589 
1610 
1668 
730 
977 
740 
1381 
1421 
1146 
1426 
1088 
505 
1196 
1587 
1607 
1304 
727 
820 
969 
1369 
440 
1143 
1379 
1419 
501 
815 
1581 
1586 
1606 
624 
726 
945 
965 
1365 
1142 
1183 
1378 
1418 
499 
840 
814 
1579 
701 
383 
937 
1265 
963 
1363 
1415 
1182 
493 
498 
1578 
1604 
699 
724 
1192 
382 
933 
1257 
1357 
1140 
962 
1362 
719 
1414 
491 
812 
1575 
1135 
1337 
698 
1921 
1565 
921 
931 
1253 
1355 
1296 
1180 
718 
881 
490 
1574 
432 
1134 
1333 
695 
1857 
380 
1563 
799 
917 
1241 
1412 
930 
1354 
1251 
487 
873 
1331 
694 
477 
1825 
1562 
798 
1351 
915 
1237 
1250 
608 
716 
486 
808 
1325 
869 
1572 
1132 
1330 
475 
1729 
1559 
1809 
909 
1350 
914 
1235 
1176 
857 
637 
1323 
867 
687 
692 
1119 
474 
376 
1697 
1558 
1801 
907 
1229 
796 
1234 
1209 
484 
635 
853 
1322 
866 
686 
1118 
471 
255 
1681 
753 
1797 
712 
906 
1227 
1348 
1128 
1205 
416 
634 
851 
1309 
1319 
1551 
445 
470 
1633 
254 
1556 
1673 
745 
903 
1795 
1226 
1473 
1203 
825 
631 
845 
850 
684 
1307 
1116 
792 
1318 
1550 
443 
1168 
1617 
1669 
741 
1223 
902 
1794 
1441 
1197 
1202 
368 
463 
671 
576 
821 
630 
843 
468 
1306 
252 
442 
1609 
1667 
729 
739 
1222 
1145 
1425 
1087 
1195 
462 
1316 
670 
1303 
1548 
819 
842 
439 
900 
1585 
1605 
623 
680 
1112 
1666 
725 
738 
1141 
1377 
1086 
1417 
628 
1194 
839 
813 
1302 
818 
438 
784 
1220 
1181 
497 
1577 
248 
1603 
622 
460 
723 
1191 
668 
381 
1139 
961 
1361 
1413 
838 
811 
697 
1544 
1295 
1179 
717 
1084 
352 
489 
1573 
431 
1133 
1602 
1300 
379 
722 
1190 
436 
1411 
929 
1353 
1138 
810 
620 
693 
1561 
797 
1104 
1294 
1249 
1178 
607 
836 
715 
485 
807 
430 
1571 
1131 
1329 
456 
664 
378 
1349 
913 
1410 
1175 
240 
1188 
691 
473 
375 
1557 
795 
1080 
606 
1233 
714 
806 
483 
1570 
1130 
1321 
865 
685 
1292 
1117 
711 
905 
428 
1174 
1347 
616 
1127 
415 
690 
320 
633 
374 
469 
253 
794 
1555 
1225 
482 
849 
683 
604 
1115 
791 
1317 
1549 
710 
804 
656 
1167 
1346 
1126 
901 
1793 
414 
1201 
367 
575 
1172 
629 
1554 
467 
1305 
251 
224 
441 
1288 
1072 
372 
1221 
424 
682 
1114 
790 
461 
1166 
1315 
669 
1547 
841 
899 
366 
708 
574 
679 
1111 
1665 
737 
1124 
466 
250 
412 
1085 
627 
600 
1193 
1301 
817 
437 
783 
1219 
1314 
247 
621 
1546 
459 
667 
788 
898 
837 
678 
1164 
1110 
192 
626 
1543 
1056 
1083 
351 
364 
572 
1601 
1299 
721 
782 
1189 
1218 
435 
128 
1137 
246 
458 
809 
666 
619 
408 
1103 
1293 
1177 
835 
592 
429 
1542 
455 
663 
377 
1082 
350 
676 
1108 
1409 
1298 
239 
434 
1187 
1160 
618 
1079 
780 
605 
713 
360 
805 
568 
1569 
1102 
244 
1129 
834 
1291 
427 
1173 
454 
662 
615 
689 
319 
373 
400 
1540 
238 
1186 
348 
793 
481 
1078 
603 
709 
803 
655 
1345 
1290 
1125 
1100 
413 
426 
614 
776 
1171 
560 
1553 
318 
452 
223 
660 
1287 
1071 
371 
423 
681 
236 
1113 
789 
1165 
602 
344 
1076 
802 
654 
365 
707 
573 
1123 
465 
249 
1170 
411 
544 
599 
612 
222 
1096 
1286 
1070 
370 
316 
422 
1313 
1545 
787 
897 
232 
677 
1163 
1109 
191 
336 
706 
625 
652 
1122 
1055 
363 
571 
410 
598 
64 
781 
1217 
127 
245 
220 
457 
1284 
1068 
665 
312 
407 
420 
786 
591 
1162 
190 
1541 
1081 
349 
675 
1107 
1054 
648 
362 
1297 
570 
288 
433 
596 
1159 
126 
304 
617 
216 
779 
1064 
359 
406 
567 
1101 
243 
833 
590 
453 
160 
188 
661 
96 
208 
674 
1106 
1052 
399 
1539 
237 
1185 
32 
347 
1158 
124 
1077 
778 
358 
566 
404 
242 
184 
1289 
176 
588 
1048 
1099 
1040 
425 
613 
775 
112 
120 
559 
317 
398 
1538 
451 
659 
346 
1156 
584 
356 
564 
235 
601 
343 
1075 
801 
653 
1098 
528 
774 
48 
396 
272 
144 
80 
16 
558 
450 
658 
1169 
543 
392 
611 
221 
1095 
1285 
1069 
234 
369 
315 
421 
342 
772 
1074 
552 
556 
231 
335 
542 
536 
705 
610 
651 
340 
1094 
1121 
328 
314 
409 
597 
56 
63 
540 
280 
296 
1092 
152 
88 
200 
24 
219 
168 
1032 
104 
520 
40 
264 
136 
72 
8 
230 
1283 
1067 
334 
311 
419 
650 
228 
332 
785 
62 
1161 
189 
60 
218 
1282 
1066 
308 
1053 
647 
361 
310 
418 
569 
287 
644 
595 
284 
125 
300 
303 
212 
1060 
215 
156 
646 
92 
204 
1063 
28 
405 
286 
594 
180 
172 
1044 
1036 
302 
108 
116 
580 
524 
44 
268 
140 
76 
12 
214 
388 
548 
532 
324 
52 
276 
292 
148 
84 
196 
20 
164 
1028 
100 
516 
36 
260 
132 
68 
4 
589 
1062 
159 
187 
95 
207 
673 
1105 
158 
186 
94 
1051 
206 
1050 
31 
30 
1157 
122 
123 
402 
777 
182 
357 
565 
174 
586 
403 
241 
1046 
1038 
110 
118 
183 
1154 
175 
587 
582 
354 
562 
1047 
1039 
111 
526 
46 
394 
270 
142 
78 
14 
119 
390 
397 
1537 
770 
550 
554 
345 
1155 
534 
338 
326 
54 
538 
278 
294 
1090 
150 
86 
198 
22 
166 
1030 
102 
518 
38 
262 
134 
70 
6 
226 
330 
58 
306 
642 
282 
298 
210 
1058 
154 
90 
202 
26 
178 
170 
1042 
1034 
106 
114 
578 
522 
42 
266 
138 
74 
10 
386 
546 
530 
322 
50 
274 
290 
146 
82 
194 
18 
162 
1026 
98 
514 
34 
258 
2 
66 
130 
583 
355 
563 
1097 
527 
773 
47 
395 
271 
143 
79 
15 
557 
449 
657 
391 
233 
341 
771 
1073 
551 
555 
541 
535 
609 
339 
1093 
327 
313 
55 
539 
279 
295 
1091 
151 
87 
199 
23 
167 
1031 
103 
519 
39 
263 
135 
71 
7 
229 
333 
649 
227 
331 
61 
59 
217 
1281 
1065 
307 
309 
417 
643 
283 
299 
211 
1059 
155 
645 
91 
203 
27 
285 
593 
179 
171 
1043 
1035 
301 
107 
115 
579 
523 
43 
267 
139 
75 
11 
213 
387 
547 
531 
323 
51 
275 
291 
147 
83 
195 
19 
163 
1027 
99 
515 
35 
259 
131 
67 
3 
1061 
157 
185 
93 
205 
1049 
29 
121 
401 
181 
173 
585 
1045 
1037 
109 
117 
1153 
581 
353 
561 
525 
45 
393 
269 
141 
77 
13 
389 
769 
549 
553 
533 
337 
325 
53 
537 
277 
293 
1089 
149 
85 
197 
21 
165 
1029 
101 
517 
37 
261 
133 
69 
5 
225 
329 
57 
305 
641 
281 
297 
209 
1057 
153 
89 
201 
25 
177 
169 
1041 
1033 
105 
113 
577 
521 
41 
265 
137 
73 
9 
385 
545 
529 
321 
49 
273 
289 
145 
81 
193 
17 
161 
1025 
97 
1 
33 
65 
129 
257 
513 
