2048 
1984 
1920 
1792 
1536 
2016 
1024 
1952 
1888 
1856 
1760 
1728 
1664 
2032 
1968 
1904 
1776 
1520 
1504 
2000 
1472 
1408 
1008 
992 
960 
1280 
896 
1936 
1872 
1840 
1744 
1824 
768 
1712 
1016 
1528 
1784 
1912 
1976 
2008 
2040 
1944 
1880 
1848 
1752 
1720 
1696 
1656 
2024 
1960 
1896 
1768 
1512 
1496 
1648 
1992 
1488 
1464 
1632 
1456 
1440 
1400 
1600 
1392 
512 
1000 
984 
1376 
976 
952 
1272 
944 
1264 
1344 
928 
888 
1248 
1928 
880 
1864 
1832 
864 
1216 
1736 
1816 
760 
956 
988 
1004 
1020 
1276 
1404 
1468 
1500 
1516 
1532 
1660 
1724 
1756 
1772 
1788 
1852 
1884 
1900 
1916 
1948 
1964 
1980 
1996 
2012 
2028 
2044 
892 
1932 
1868 
1836 
1740 
1820 
1704 
764 
1708 
1808 
1012 
1524 
1780 
1908 
1972 
2004 
2036 
1940 
1876 
1844 
1748 
1716 
1692 
752 
1652 
2020 
1956 
1892 
1764 
1688 
1508 
1492 
832 
1644 
1988 
1484 
1640 
1680 
1460 
1480 
1628 
736 
1452 
1624 
1152 
1448 
1436 
1616 
1396 
1596 
1432 
1388 
1592 
508 
996 
1384 
504 
1424 
980 
704 
1372 
1584 
972 
1368 
496 
948 
968 
1268 
940 
1360 
1260 
936 
1340 
1568 
924 
1256 
1336 
480 
884 
1244 
920 
1924 
876 
640 
1240 
1328 
1860 
872 
912 
1828 
860 
1232 
1212 
510 
766 
894 
950 
958 
974 
982 
990 
998 
1006 
1014 
1022 
1278 
1374 
1390 
1398 
1406 
1438 
1454 
1462 
1470 
1486 
1494 
1502 
1510 
1518 
1526 
1534 
1598 
1630 
1646 
1654 
1662 
1694 
1710 
1718 
1726 
1742 
1750 
1758 
1766 
1774 
1782 
1790 
1822 
1838 
1846 
1854 
1870 
1878 
1886 
1894 
1902 
1910 
1918 
1934 
1942 
1950 
1958 
1966 
1974 
1982 
1990 
1998 
2006 
2014 
2022 
2030 
2038 
2046 
942 
1270 
1262 
1342 
926 
886 
1246 
1926 
878 
1862 
1830 
862 
1214 
1732 
1734 
1814 
1812 
448 
856 
758 
954 
986 
1002 
1018 
1274 
1402 
1466 
1498 
1514 
1530 
1658 
1722 
1754 
1770 
1786 
1850 
1882 
1898 
1914 
1946 
1962 
1978 
1994 
2010 
2026 
2042 
890 
1930 
1866 
1834 
1738 
1818 
1702 
762 
1706 
1806 
1208 
1312 
756 
1010 
1522 
1778 
1906 
1970 
2002 
2034 
1938 
1874 
1842 
1746 
1714 
1690 
1700 
1804 
750 
1650 
2018 
1954 
1890 
1762 
1686 
1506 
1490 
748 
830 
1642 
1986 
1684 
848 
1800 
1482 
828 
1638 
1678 
1200 
1458 
1478 
744 
1626 
1636 
1676 
734 
1450 
1476 
824 
1622 
1150 
732 
1446 
1620 
1148 
1672 
1434 
1444 
1614 
1394 
728 
1594 
1430 
1612 
1144 
1386 
1590 
506 
816 
1428 
384 
994 
1184 
1382 
1588 
502 
1422 
1608 
978 
702 
1370 
1380 
1582 
500 
1420 
970 
700 
720 
1366 
1580 
494 
1136 
946 
966 
1364 
492 
1416 
1266 
938 
696 
964 
1358 
1576 
800 
1258 
934 
1338 
1566 
1356 
488 
922 
1254 
932 
1334 
1564 
478 
882 
1242 
918 
1252 
1332 
1352 
476 
688 
1120 
1922 
874 
638 
1238 
916 
1326 
1560 
1858 
870 
910 
636 
1236 
256 
1324 
472 
503 
507 
511 
703 
735 
751 
759 
763 
767 
831 
863 
879 
887 
891 
895 
927 
943 
951 
955 
959 
971 
975 
979 
983 
987 
991 
995 
999 
1003 
1007 
1011 
1015 
1019 
1023 
1151 
1215 
1247 
1263 
1271 
1275 
1279 
1343 
1367 
1371 
1375 
1383 
1387 
1391 
1395 
1399 
1403 
1407 
1423 
1431 
1435 
1439 
1447 
1451 
1455 
1459 
1463 
1467 
1471 
1479 
1483 
1487 
1491 
1495 
1499 
1503 
1507 
1511 
1515 
1519 
1523 
1527 
1531 
1535 
1583 
1591 
1595 
1599 
1615 
1623 
1627 
1631 
1639 
1643 
1647 
1651 
1655 
1659 
1663 
1679 
1687 
1691 
1695 
1703 
1707 
1711 
1715 
1719 
1723 
1727 
1735 
1739 
1743 
1747 
1751 
1755 
1759 
1763 
1767 
1771 
1775 
1779 
1783 
1787 
1791 
1807 
1815 
1819 
1823 
1831 
1835 
1839 
1843 
1847 
1851 
1855 
1863 
1867 
1871 
1875 
1879 
1883 
1887 
1891 
1895 
1899 
1903 
1907 
1911 
1915 
1919 
1927 
1931 
1935 
1939 
1943 
1947 
1951 
1955 
1959 
1963 
1967 
1971 
1975 
1979 
1983 
1987 
1991 
1995 
1999 
2003 
2007 
2011 
2015 
2019 
2023 
2027 
2031 
2035 
2039 
2043 
2047 
495 
947 
967 
1267 
939 
1359 
1259 
935 
1339 
1567 
923 
1255 
1335 
479 
883 
1243 
919 
1923 
875 
639 
1239 
1327 
1859 
871 
911 
1827 
859 
1826 
1231 
858 
1211 
877 
509 
765 
893 
949 
957 
973 
981 
989 
997 
1005 
1013 
1021 
1277 
1373 
1389 
1397 
1405 
1437 
1453 
1461 
1469 
1485 
1493 
1501 
1509 
1517 
1525 
1533 
1597 
1629 
1645 
1653 
1661 
1693 
1709 
1717 
1725 
1741 
1749 
1757 
1765 
1773 
1781 
1789 
1821 
1837 
1845 
1853 
1869 
1877 
1885 
1893 
1901 
1909 
1917 
1933 
1941 
1949 
1957 
1965 
1973 
1981 
1989 
1997 
2005 
2013 
2021 
2029 
2037 
2045 
941 
1269 
1261 
1341 
925 
885 
1245 
1925 
1230 
1861 
868 
1829 
908 
861 
1213 
1731 
1733 
1813 
1811 
447 
855 
1210 
757 
953 
985 
1001 
1017 
1273 
1401 
1465 
1497 
1513 
1529 
1657 
1721 
1753 
1769 
1785 
1849 
1881 
1897 
1913 
1945 
1961 
1977 
1993 
2009 
2025 
2041 
889 
1929 
1865 
1833 
1737 
1817 
1701 
761 
1730 
1705 
1805 
1810 
446 
854 
1207 
1311 
632 
1228 
755 
1009 
1521 
1777 
1905 
1969 
2001 
2033 
1937 
1873 
1841 
1745 
1320 
1713 
1689 
1699 
1803 
1206 
1310 
1552 
749 
1649 
754 
2017 
1953 
1889 
1761 
1685 
1698 
1802 
444 
852 
904 
1505 
1489 
747 
672 
829 
1641 
1985 
1683 
847 
1799 
464 
1204 
1308 
1481 
746 
827 
1637 
1677 
1682 
846 
1199 
1224 
1798 
1457 
1477 
743 
1625 
826 
1635 
1675 
1088 
1198 
733 
1449 
1475 
742 
823 
1621 
1634 
1149 
440 
844 
1674 
1796 
731 
624 
1445 
1474 
822 
1619 
1147 
1671 
1196 
730 
1304 
1433 
740 
1443 
1613 
1618 
1146 
1670 
1393 
727 
1593 
1429 
1442 
820 
1611 
1143 
1385 
726 
1589 
505 
815 
1427 
383 
1610 
993 
1183 
840 
1142 
1668 
1381 
1587 
501 
1421 
814 
1426 
382 
1607 
1182 
977 
701 
1192 
1369 
724 
1379 
1581 
432 
1586 
499 
1419 
1606 
1140 
969 
699 
719 
1365 
1378 
1579 
493 
1296 
498 
812 
1418 
380 
1135 
1180 
945 
965 
698 
718 
1363 
1578 
491 
1415 
608 
1604 
1134 
1265 
937 
695 
963 
1357 
1362 
1575 
490 
1414 
799 
1257 
933 
694 
1337 
962 
716 
1565 
1355 
1574 
487 
798 
1132 
921 
1253 
931 
808 
1333 
376 
1563 
477 
1354 
1176 
486 
1412 
881 
1241 
917 
692 
1251 
930 
1331 
1351 
1562 
475 
1572 
687 
1119 
796 
1921 
873 
637 
1237 
416 
915 
1250 
1325 
1559 
1330 
1350 
474 
484 
712 
686 
1118 
1857 
869 
909 
635 
1235 
255 
914 
1323 
1128 
1558 
471 
1825 
857 
1229 
867 
907 
634 
1234 
254 
1322 
1348 
470 
1209 
684 
1116 
368 
1729 
1809 
445 
853 
792 
1168 
631 
1227 
866 
906 
576 
1319 
1556 
1205 
1309 
1551 
753 
1697 
1801 
443 
851 
903 
630 
1226 
671 
252 
1318 
468 
463 
1203 
1307 
1550 
745 
1681 
845 
1223 
442 
1797 
850 
902 
670 
825 
1087 
1197 
462 
1202 
1306 
680 
1112 
741 
1633 
439 
843 
1673 
1222 
1795 
628 
623 
1316 
1473 
821 
1086 
1195 
729 
1548 
1303 
739 
1617 
438 
1145 
842 
1669 
784 
1794 
248 
900 
622 
668 
1441 
819 
1194 
460 
725 
1302 
738 
352 
1609 
839 
1141 
1667 
1220 
813 
818 
1425 
381 
1181 
1084 
1191 
723 
431 
1585 
436 
1605 
838 
1139 
1666 
620 
1544 
1377 
1295 
497 
811 
1104 
1417 
379 
1179 
1300 
1190 
697 
717 
722 
664 
430 
1577 
607 
1603 
1133 
1138 
456 
1361 
1294 
810 
489 
378 
1413 
1178 
240 
693 
961 
715 
836 
1573 
1080 
606 
1602 
797 
1131 
807 
375 
1353 
1188 
1175 
485 
1411 
616 
428 
691 
714 
929 
1561 
1571 
795 
1130 
1292 
415 
806 
374 
1249 
1329 
320 
1349 
1174 
473 
483 
1410 
711 
685 
1117 
604 
690 
913 
1127 
1557 
656 
1570 
794 
414 
633 
1233 
253 
1321 
1347 
469 
482 
710 
683 
1115 
367 
791 
1167 
865 
424 
905 
575 
804 
1555 
1072 
372 
1126 
1172 
224 
1288 
629 
1225 
251 
1317 
467 
1346 
1549 
682 
1114 
366 
600 
412 
441 
790 
1166 
849 
901 
669 
574 
1554 
708 
461 
1201 
1305 
679 
1111 
1124 
1221 
627 
250 
1315 
466 
1085 
1547 
437 
841 
783 
1793 
247 
899 
621 
667 
364 
678 
1193 
1110 
788 
1164 
459 
1301 
572 
737 
351 
626 
1219 
1314 
817 
1056 
1546 
408 
1083 
192 
782 
246 
435 
898 
666 
837 
1665 
619 
592 
1543 
1103 
458 
1299 
1189 
350 
721 
663 
1218 
429 
676 
1108 
1137 
455 
1082 
1293 
809 
377 
360 
1177 
239 
434 
1160 
835 
568 
618 
1542 
1079 
605 
1601 
1102 
780 
244 
1298 
1187 
662 
128 
615 
427 
454 
713 
348 
400 
1129 
1291 
238 
805 
373 
834 
319 
1173 
1078 
1409 
603 
689 
1186 
655 
1569 
1540 
614 
426 
793 
1100 
413 
660 
481 
709 
1290 
776 
452 
560 
318 
423 
803 
1071 
371 
1125 
1171 
223 
602 
236 
344 
1287 
654 
1076 
1345 
681 
1113 
365 
599 
411 
789 
1165 
573 
612 
1553 
707 
422 
802 
1070 
370 
1123 
1170 
1096 
249 
222 
465 
316 
1286 
652 
544 
598 
363 
410 
677 
1109 
787 
1163 
232 
571 
706 
625 
336 
1313 
1122 
1055 
1545 
407 
420 
191 
1068 
781 
245 
897 
665 
220 
591 
457 
1284 
362 
349 
312 
786 
1162 
1217 
570 
675 
1107 
596 
1081 
648 
1054 
359 
406 
433 
1159 
567 
190 
617 
1541 
1101 
779 
243 
1297 
590 
661 
127 
1064 
453 
216 
347 
674 
1106 
399 
237 
304 
833 
358 
1077 
1158 
566 
1052 
404 
1185 
778 
242 
188 
1539 
613 
425 
1099 
126 
588 
659 
288 
346 
1289 
775 
398 
451 
208 
559 
317 
601 
64 
235 
343 
653 
356 
1075 
1156 
564 
1538 
1048 
1098 
184 
611 
124 
658 
584 
421 
774 
801 
1069 
369 
450 
558 
396 
1169 
1095 
221 
315 
234 
1285 
160 
342 
1040 
1074 
176 
651 
543 
597 
409 
231 
96 
610 
120 
705 
335 
772 
1121 
392 
1094 
556 
419 
314 
1067 
112 
32 
340 
219 
1283 
650 
542 
361 
230 
311 
785 
1161 
569 
552 
595 
334 
647 
1092 
1053 
405 
418 
1066 
189 
218 
589 
1282 
540 
528 
228 
310 
1063 
332 
215 
594 
673 
1105 
536 
646 
272 
48 
144 
80 
16 
303 
328 
357 
1157 
565 
1051 
308 
403 
777 
241 
187 
1062 
644 
125 
214 
587 
287 
345 
302 
397 
296 
207 
1060 
1050 
212 
402 
280 
63 
200 
186 
56 
300 
355 
586 
152 
1155 
1032 
168 
88 
563 
104 
24 
286 
520 
264 
40 
136 
72 
8 
1537 
1047 
1097 
206 
183 
284 
123 
657 
204 
62 
583 
60 
773 
354 
449 
1154 
557 
562 
395 
1044 
1046 
180 
580 
182 
233 
122 
159 
341 
1039 
582 
156 
1036 
1073 
172 
175 
92 
394 
116 
388 
108 
28 
158 
95 
1038 
548 
609 
119 
174 
524 
532 
268 
44 
140 
76 
12 
324 
292 
276 
196 
52 
148 
1028 
164 
84 
100 
20 
516 
260 
36 
132 
68 
4 
94 
771 
118 
391 
1093 
555 
770 
390 
554 
313 
111 
110 
31 
339 
30 
338 
649 
541 
550 
229 
1090 
551 
333 
538 
526 
226 
330 
1091 
534 
270 
46 
142 
78 
14 
326 
417 
1065 
306 
642 
294 
1058 
217 
210 
278 
198 
54 
298 
150 
1030 
166 
86 
102 
22 
518 
262 
38 
134 
70 
6 
282 
202 
58 
1042 
178 
578 
154 
1034 
170 
90 
114 
386 
106 
26 
546 
522 
530 
266 
42 
138 
74 
10 
322 
290 
274 
194 
50 
146 
1026 
162 
82 
98 
18 
514 
258 
34 
130 
66 
2 
1281 
539 
527 
227 
309 
331 
593 
535 
645 
271 
47 
143 
79 
15 
327 
307 
1061 
643 
213 
301 
295 
1059 
1049 
211 
401 
279 
199 
185 
55 
299 
585 
151 
1031 
167 
87 
103 
23 
285 
519 
263 
39 
135 
71 
7 
205 
283 
203 
61 
59 
353 
1153 
561 
1043 
1045 
179 
579 
181 
121 
581 
155 
1035 
171 
91 
393 
115 
387 
107 
27 
157 
1037 
547 
173 
523 
531 
267 
43 
139 
75 
11 
323 
291 
275 
195 
51 
147 
1027 
163 
83 
99 
19 
515 
259 
35 
131 
67 
3 
93 
117 
769 
389 
553 
109 
29 
337 
549 
1089 
537 
525 
225 
329 
533 
269 
45 
141 
77 
13 
325 
305 
641 
293 
1057 
209 
277 
197 
53 
297 
149 
1029 
165 
85 
101 
21 
517 
261 
37 
133 
69 
5 
281 
201 
57 
1041 
177 
577 
153 
1033 
169 
89 
113 
385 
105 
25 
545 
521 
529 
265 
41 
137 
73 
9 
321 
289 
273 
193 
49 
145 
1025 
161 
81 
97 
17 
513 
1 
33 
65 
129 
257 
