2048 
2016 
1984 
1920 
1792 
2032 
1536 
2000 
1024 
1968 
1952 
1904 
1888 
1856 
1776 
1760 
1976 
2008 
2040 
1912 
1784 
1728 
2024 
1528 
1520 
1504 
1664 
1472 
1992 
1016 
1960 
1008 
1944 
1408 
1896 
1936 
992 
1880 
1872 
1848 
960 
1768 
1840 
1752 
1020 
1532 
1788 
1916 
1964 
1980 
1996 
2012 
2028 
2044 
1948 
1900 
1884 
1852 
1280 
1772 
1756 
1744 
1824 
1972 
2004 
2036 
1908 
1780 
1724 
2020 
1720 
1524 
1516 
1712 
896 
1512 
1500 
1496 
1660 
1696 
1656 
1488 
1468 
1648 
1464 
1456 
1988 
1012 
1632 
1956 
1004 
768 
1940 
1404 
1000 
1892 
1932 
1400 
988 
1440 
1876 
1928 
984 
1868 
1392 
1600 
1844 
1864 
976 
956 
1764 
1836 
1014 
1022 
1470 
1502 
1518 
1526 
1534 
1662 
1726 
1758 
1774 
1782 
1790 
1854 
1886 
1902 
1910 
1918 
1950 
1966 
1974 
1982 
1990 
1998 
2006 
2014 
2022 
2030 
2038 
2046 
1006 
1958 
1406 
1942 
1894 
1934 
990 
1878 
1870 
1846 
958 
1766 
1838 
952 
1750 
1748 
1850 
1018 
1530 
1786 
1914 
1962 
1978 
1994 
2010 
2026 
2042 
1946 
1898 
1882 
1278 
1770 
1832 
1754 
1742 
1376 
1822 
1276 
1970 
2002 
2034 
1906 
1778 
1722 
1740 
1820 
2018 
1718 
1272 
1522 
944 
1716 
512 
1736 
1816 
1514 
1710 
894 
1510 
1708 
892 
1498 
1508 
1264 
1494 
1704 
1658 
1808 
1694 
888 
1492 
1654 
1344 
1692 
928 
1486 
1652 
1466 
1484 
1646 
1462 
1688 
1644 
1460 
880 
1480 
1248 
1454 
1986 
1640 
1010 
1452 
1630 
1954 
1002 
766 
1680 
1628 
1938 
1402 
998 
764 
1448 
1890 
1930 
1398 
986 
996 
1438 
864 
1624 
1874 
1926 
1396 
982 
760 
1436 
1866 
1390 
1924 
980 
1216 
1598 
1842 
1862 
1388 
974 
1432 
895 
959 
991 
1007 
1015 
1019 
1023 
1279 
1407 
1463 
1467 
1471 
1487 
1495 
1499 
1503 
1511 
1515 
1519 
1523 
1527 
1531 
1535 
1647 
1655 
1659 
1663 
1695 
1711 
1719 
1723 
1727 
1743 
1751 
1755 
1759 
1767 
1771 
1775 
1779 
1783 
1787 
1791 
1823 
1839 
1847 
1851 
1855 
1871 
1879 
1883 
1887 
1895 
1899 
1903 
1907 
1911 
1915 
1919 
1935 
1943 
1947 
1951 
1959 
1963 
1967 
1971 
1975 
1979 
1983 
1991 
1995 
1999 
2003 
2007 
2011 
2015 
2019 
2023 
2027 
2031 
2035 
2039 
2043 
2047 
1011 
1455 
1987 
1631 
1955 
1003 
767 
1939 
1403 
999 
1891 
1931 
1399 
987 
1439 
1875 
1927 
983 
1867 
1391 
1599 
1843 
1863 
975 
955 
1763 
954 
1596 
1762 
1835 
1869 
1013 
1021 
1469 
1501 
1517 
1525 
1533 
1661 
1725 
1757 
1773 
1781 
1789 
1853 
1885 
1901 
1909 
1917 
1949 
1965 
1973 
1981 
1989 
1997 
2005 
2013 
2021 
2029 
2037 
2045 
1005 
1957 
1405 
1941 
1893 
1933 
989 
1877 
1845 
957 
1765 
1834 
1837 
1860 
951 
1749 
972 
1747 
1616 
1849 
1017 
1529 
1785 
1913 
1961 
1977 
1993 
2009 
2025 
2041 
1945 
1897 
1881 
1277 
1769 
1831 
1753 
752 
1741 
950 
1746 
1375 
1821 
1384 
1275 
1969 
2001 
2033 
1905 
1777 
1830 
1721 
1739 
1374 
1819 
1274 
2017 
1717 
1592 
948 
1738 
1818 
1271 
1828 
1521 
943 
968 
1715 
511 
1735 
1372 
1815 
832 
1424 
1270 
1513 
942 
1709 
1714 
510 
1734 
1814 
893 
1509 
1707 
1268 
891 
1497 
940 
1507 
1706 
508 
1732 
1263 
1812 
890 
1493 
1703 
1506 
1657 
1807 
1368 
1262 
1693 
1584 
887 
1491 
1702 
736 
1653 
1806 
1343 
1152 
1691 
927 
886 
1485 
1490 
1651 
1260 
1342 
1465 
1690 
926 
936 
1483 
1700 
504 
1645 
1804 
1650 
1461 
1687 
884 
1482 
1643 
1340 
1459 
1686 
879 
924 
1479 
1247 
1642 
1360 
1453 
1458 
878 
1985 
1478 
1246 
1639 
1009 
1256 
1451 
1684 
1800 
1629 
1953 
1638 
1001 
765 
1679 
1450 
876 
1568 
1476 
1244 
496 
1627 
1937 
1336 
1401 
920 
997 
763 
1678 
1447 
1889 
1626 
1929 
1636 
1397 
985 
995 
1437 
762 
863 
1446 
704 
1623 
1873 
1925 
1395 
981 
759 
994 
1435 
1676 
862 
1622 
1865 
1389 
872 
1923 
1394 
979 
1240 
758 
1434 
1444 
1215 
1597 
1841 
1861 
1387 
1922 
973 
1431 
978 
860 
1214 
1328 
953 
1595 
1761 
912 
1620 
1833 
1386 
1859 
971 
1615 
756 
1430 
1672 
751 
949 
1594 
1745 
480 
1383 
1829 
1858 
970 
1614 
1373 
1212 
1273 
1591 
750 
947 
1737 
1817 
1382 
1827 
967 
1428 
1371 
831 
1423 
1269 
856 
1232 
941 
1590 
1713 
946 
509 
1733 
1813 
1826 
966 
1612 
1370 
830 
1422 
1267 
939 
748 
1705 
640 
507 
1731 
1811 
1380 
889 
1505 
1367 
1208 
1261 
1266 
1583 
1588 
938 
1701 
735 
1312 
1805 
506 
1730 
1810 
1151 
964 
885 
1489 
1366 
828 
1259 
1420 
1341 
1689 
1582 
925 
935 
1699 
734 
503 
1803 
1649 
1608 
1150 
883 
1481 
744 
848 
1258 
1339 
448 
1685 
923 
934 
1698 
502 
1802 
1641 
1359 
1457 
877 
882 
1364 
1477 
1245 
1255 
1580 
1338 
732 
1683 
922 
1799 
1148 
824 
1637 
1416 
1200 
1358 
1449 
875 
1567 
1475 
1243 
495 
1335 
1254 
932 
919 
500 
1677 
1682 
1798 
1625 
1635 
761 
1445 
703 
874 
1566 
1474 
1242 
494 
1334 
918 
993 
1675 
861 
1356 
1576 
1621 
1634 
871 
728 
1393 
1239 
1252 
757 
1433 
1144 
702 
1443 
1796 
1921 
1674 
977 
384 
859 
1213 
1327 
911 
1619 
816 
1564 
870 
492 
1332 
1385 
1238 
916 
755 
1429 
1442 
1671 
1593 
1184 
479 
1857 
969 
1613 
1211 
858 
700 
1326 
749 
1352 
910 
1618 
1381 
1427 
754 
855 
1231 
1670 
1589 
945 
256 
868 
478 
1825 
1236 
965 
720 
1611 
1369 
829 
1210 
1421 
1136 
747 
1560 
639 
488 
1379 
1426 
1324 
1207 
908 
854 
1230 
1265 
1587 
937 
1311 
505 
1729 
1809 
1610 
696 
963 
1668 
800 
1365 
827 
476 
1419 
746 
638 
1581 
733 
1378 
1607 
1149 
1206 
743 
847 
1586 
1257 
447 
1310 
933 
1697 
501 
1801 
852 
962 
1228 
826 
881 
1418 
1363 
1579 
1320 
1337 
731 
1606 
904 
921 
1552 
1147 
823 
636 
1120 
1415 
1199 
742 
846 
1357 
446 
1253 
931 
472 
1204 
499 
1681 
1797 
688 
1308 
1362 
1578 
873 
730 
1565 
1473 
1241 
493 
1146 
1333 
822 
1414 
1198 
917 
1224 
1604 
1355 
1575 
1633 
930 
727 
740 
844 
498 
1251 
1143 
701 
444 
1795 
632 
1673 
383 
1088 
815 
1563 
869 
491 
1331 
1237 
915 
1354 
1441 
1574 
1304 
726 
464 
820 
1183 
1412 
1196 
1250 
1142 
672 
857 
699 
1325 
1794 
1351 
909 
1617 
382 
753 
814 
1562 
490 
1669 
1330 
840 
255 
867 
914 
477 
440 
1235 
719 
1182 
1209 
1135 
1559 
487 
624 
1572 
698 
724 
1425 
1323 
1350 
907 
1140 
853 
1229 
1192 
1296 
1609 
695 
1667 
380 
254 
866 
799 
475 
1234 
718 
745 
637 
812 
1377 
1134 
1558 
486 
1205 
1585 
1180 
1322 
1309 
906 
432 
851 
961 
1227 
1348 
608 
825 
1417 
694 
1666 
798 
1319 
474 
1605 
903 
1551 
128 
252 
635 
1119 
741 
845 
716 
576 
445 
376 
1132 
471 
1203 
808 
1556 
484 
687 
1307 
850 
1361 
1226 
416 
1577 
1176 
729 
1318 
1145 
821 
1413 
1197 
902 
1550 
692 
796 
1223 
634 
1118 
1603 
929 
739 
843 
497 
443 
470 
1202 
248 
368 
712 
631 
686 
1306 
320 
1128 
1087 
192 
1168 
1353 
1573 
1303 
1316 
1222 
725 
463 
819 
1602 
1411 
1195 
352 
900 
1548 
1249 
1141 
1116 
792 
738 
842 
671 
1793 
442 
64 
240 
381 
468 
630 
813 
1561 
489 
684 
1329 
1086 
839 
224 
913 
439 
1181 
1302 
462 
818 
1410 
1194 
784 
1220 
623 
1571 
697 
1544 
723 
670 
1349 
1112 
1139 
1191 
1295 
628 
379 
253 
865 
680 
838 
1084 
1233 
717 
438 
811 
1104 
1133 
1056 
1557 
1300 
485 
460 
622 
1570 
1179 
722 
1321 
668 
96 
544 
905 
1138 
288 
160 
32 
431 
1190 
1347 
607 
1294 
1080 
693 
378 
1665 
797 
836 
473 
1072 
436 
810 
127 
456 
251 
656 
664 
715 
575 
620 
375 
1178 
1131 
807 
1555 
430 
483 
1188 
849 
1225 
1292 
1346 
606 
415 
1175 
616 
592 
1317 
126 
112 
560 
250 
901 
1549 
400 
691 
1288 
795 
714 
633 
1117 
574 
304 
176 
374 
336 
48 
208 
1040 
80 
528 
272 
144 
16 
1130 
428 
806 
1554 
482 
604 
469 
1201 
247 
424 
600 
367 
414 
711 
685 
1305 
124 
1174 
319 
120 
1127 
572 
568 
372 
690 
794 
804 
408 
191 
1167 
412 
1315 
1221 
1172 
1601 
351 
899 
246 
1547 
360 
312 
366 
710 
1115 
184 
1160 
791 
737 
841 
344 
318 
1126 
56 
232 
441 
216 
63 
239 
776 
244 
467 
629 
1096 
1048 
364 
708 
88 
536 
280 
152 
24 
190 
1064 
1166 
648 
584 
104 
552 
392 
296 
168 
328 
40 
200 
1032 
72 
520 
264 
136 
8 
316 
1124 
683 
1314 
1085 
223 
350 
898 
1546 
188 
1164 
1114 
790 
348 
788 
1301 
62 
238 
60 
461 
236 
817 
1409 
1193 
466 
783 
1219 
220 
682 
1543 
222 
669 
1111 
780 
1540 
1108 
676 
782 
1218 
1100 
627 
1052 
1542 
679 
92 
540 
837 
284 
1110 
156 
28 
1076 
1083 
1068 
452 
437 
652 
660 
612 
588 
108 
556 
396 
1284 
300 
172 
332 
44 
204 
1036 
76 
524 
268 
140 
12 
626 
1103 
420 
596 
116 
564 
404 
356 
308 
180 
1156 
340 
52 
228 
212 
772 
1092 
1044 
84 
532 
276 
148 
20 
1060 
644 
580 
100 
548 
388 
292 
164 
324 
36 
196 
1028 
68 
516 
132 
260 
4 
1055 
678 
1082 
1299 
459 
1102 
621 
1569 
1054 
1298 
721 
458 
667 
95 
543 
1137 
666 
287 
159 
31 
94 
542 
286 
158 
30 
1189 
1078 
1293 
834 
1079 
1070 
377 
434 
454 
835 
654 
662 
618 
1071 
435 
809 
455 
1186 
1290 
614 
655 
663 
590 
110 
558 
619 
398 
1286 
302 
174 
334 
46 
206 
1038 
78 
526 
270 
142 
14 
426 
1177 
602 
422 
598 
122 
118 
570 
566 
370 
802 
406 
429 
410 
1170 
358 
310 
182 
1158 
342 
54 
230 
214 
774 
242 
1094 
1046 
362 
706 
86 
534 
278 
150 
22 
1062 
646 
582 
102 
550 
390 
294 
166 
326 
38 
198 
1030 
70 
518 
262 
134 
6 
314 
1122 
186 
1162 
346 
1187 
786 
58 
234 
218 
778 
1538 
1106 
674 
1098 
1050 
90 
538 
282 
154 
26 
1074 
1066 
450 
650 
658 
610 
586 
106 
554 
394 
1282 
298 
170 
330 
42 
202 
1034 
74 
522 
266 
138 
10 
418 
594 
114 
562 
402 
354 
306 
178 
1154 
338 
50 
226 
210 
770 
1090 
1042 
82 
530 
274 
146 
18 
1058 
642 
578 
98 
546 
386 
290 
162 
322 
34 
194 
2 
66 
130 
258 
514 
1026 
1291 
1345 
605 
615 
591 
125 
111 
559 
249 
399 
1287 
713 
573 
303 
175 
373 
335 
47 
207 
1039 
79 
527 
271 
143 
15 
1129 
427 
805 
1553 
481 
603 
423 
599 
413 
123 
1173 
119 
571 
567 
371 
689 
793 
803 
407 
411 
1171 
245 
359 
311 
365 
709 
183 
1159 
343 
317 
1125 
55 
231 
215 
775 
243 
1095 
1047 
363 
707 
87 
535 
279 
151 
23 
189 
1063 
1165 
647 
583 
103 
551 
391 
295 
167 
327 
39 
199 
1031 
71 
519 
263 
135 
7 
315 
1123 
1313 
349 
897 
1545 
187 
1163 
1113 
789 
347 
787 
61 
237 
59 
235 
465 
219 
681 
221 
779 
1539 
1107 
675 
781 
1217 
1099 
1051 
1541 
91 
539 
283 
1109 
155 
27 
1075 
1067 
451 
651 
659 
611 
587 
107 
555 
395 
1283 
299 
171 
331 
43 
203 
1035 
75 
523 
267 
139 
11 
625 
419 
595 
115 
563 
403 
355 
307 
179 
1155 
339 
51 
227 
211 
771 
1091 
1043 
83 
531 
275 
147 
19 
1059 
643 
579 
99 
547 
387 
291 
163 
323 
35 
195 
1027 
67 
515 
3 
131 
259 
677 
1081 
1101 
1053 
1297 
457 
665 
93 
541 
285 
157 
29 
1077 
833 
1069 
433 
453 
653 
661 
617 
1185 
1289 
613 
589 
109 
557 
397 
1285 
301 
173 
333 
45 
205 
1037 
77 
525 
269 
141 
13 
425 
601 
421 
597 
121 
117 
569 
565 
369 
801 
405 
409 
1169 
357 
309 
181 
1157 
341 
53 
229 
213 
773 
241 
1093 
1045 
361 
705 
85 
533 
277 
149 
21 
1061 
645 
581 
101 
549 
389 
293 
165 
325 
37 
197 
1029 
69 
517 
5 
133 
261 
313 
1121 
185 
1161 
345 
785 
57 
233 
217 
777 
1537 
1105 
673 
1097 
1049 
89 
537 
281 
153 
25 
1073 
1065 
449 
649 
657 
609 
585 
105 
553 
393 
1281 
297 
169 
329 
41 
201 
1033 
73 
521 
9 
137 
265 
417 
593 
113 
561 
401 
353 
305 
177 
1153 
337 
49 
225 
209 
769 
1089 
1041 
81 
529 
17 
145 
273 
1057 
641 
1 
33 
65 
97 
129 
161 
193 
257 
289 
321 
385 
513 
545 
577 
1025 
