256
252
248
240
254
224
192
250
246
244
128
255
251
247
238
239
253
236
223
232
222
220
216
191
190
188
208
249
184
245
243
127
237
242
126
235
234
176
124
231
221
230
219
218
120
228
215
160
189
214
187
112
207
212
186
206
183
182
241
204
125
96
233
175
123
180
229
174
200
122
217
119
227
172
159
64
118
213
226
158
111
211
185
116
168
205
110
210
156
181
203
95
108
179
202
152
173
199
121
94
178
104
171
198
63
117
144
92
225
157
170
62
196
115
167
88
109
209
155
114
60
166
80
107
154
201
56
151
164
93
106
177
32
48
103
150
197
143
91
102
148
169
61
142
195
90
100
87
140
16
194
136
113
59
165
86
79
84
153
58
72
24
40
8
78
55
163
76
52
105
54
162
31
28
47
44
149
30
46
12
132
68
20
36
4
146
101
147
98
138
14
141
134
89
82
70
22
38
6
74
50
26
42
10
130
66
18
34
2
99
139
15
193
135
85
83
57
71
23
39
7
77
75
51
53
161
27
43
29
45
11
131
67
19
35
3
145
97
137
13
133
81
69
21
37
5
73
49
25
41
9
129
65
17
33
1
