256
248
240
252
224
192
128
244
254
246
238
250
236
232
222
220
216
190
208
188
184
176
126
124
120
191
223
239
247
251
255
127
243
253
245
160
237
242
249
235
234
231
221
112
230
219
218
228
215
214
189
212
207
187
96
206
186
183
204
182
180
175
125
200
174
123
122
172
64
119
118
159
241
158
233
168
116
111
229
217
156
110
227
213
226
211
108
152
95
205
185
210
94
203
181
104
202
179
92
199
173
144
178
121
198
171
63
117
170
88
62
157
196
167
115
155
109
60
166
114
225
154
80
107
151
164
209
56
106
93
150
103
201
91
143
102
177
148
48
197
90
142
169
87
100
61
195
140
86
32
59
165
194
113
153
79
58
84
163
136
55
105
78
149
162
54
101
76
147
47
89
141
52
99
146
72
46
139
85
31
98
193
44
138
30
57
83
135
40
77
28
82
161
134
16
53
24
75
132
51
74
145
71
45
50
8
70
68
97
43
36
42
137
12
20
4
29
39
38
26
14
27
22
81
130
133
15
6
66
34
10
18
2
23
131
73
49
7
69
67
35
41
11
19
3
37
25
13
21
129
5
65
33
9
17
1
