256
248
240
224
252
192
128
244
236
232
254
246
238
220
222
250
216
190
208
188
184
176
126
124
120
160
242
112
234
127
191
223
239
247
251
255
243
235
230
231
253
245
237
219
221
249
218
228
215
214
212
96
189
207
187
206
186
183
204
182
180
175
200
125
174
123
64
122
172
119
118
159
158
168
241
116
111
233
156
110
229
217
227
108
213
226
152
211
95
205
210
94
185
104
203
181
202
92
144
179
199
173
178
63
198
121
171
88
62
117
170
196
157
167
115
60
155
166
109
114
80
154
107
225
151
164
56
106
209
93
150
103
201
91
143
102
148
48
177
90
197
142
87
100
61
169
195
86
140
59
32
165
194
113
79
153
58
84
136
163
55
78
105
149
162
54
76
101
147
47
89
141
52
99
146
46
72
85
139
98
31
193
44
138
57
83
30
135
77
40
82
28
161
134
53
75
24
132
16
51
74
145
45
71
50
97
70
43
68
137
29
42
8
39
81
36
38
27
133
20
12
26
4
23
22
131
130
14
15
73
66
6
34
18
10
2
49
69
67
41
7
35
37
19
11
25
3
21
129
13
65
5
33
17
9
1
