256
252
248
240
224
254
192
250
246
128
244
238
236
232
255
251
247
239
222
223
253
220
216
191
190
188
208
184
249
245
127
243
126
237
242
176
235
124
234
231
221
230
219
120
218
228
215
160
214
189
112
187
207
212
186
206
183
182
204
125
96
241
175
180
123
233
174
200
122
229
119
217
172
227
159
118
64
213
226
158
111
116
168
211
185
205
110
156
210
181
203
108
95
179
152
202
173
94
199
121
178
104
171
198
92
144
117
63
225
170
157
196
62
115
167
88
109
155
209
114
166
60
107
154
80
151
201
164
56
93
106
177
103
150
197
48
91
143
32
102
148
169
195
90
142
61
100
87
194
140
113
165
59
86
136
153
79
58
84
163
16
55
78
105
72
162
76
149
54
40
24
47
52
8
31
101
46
44
147
28
30
146
89
141
132
12
68
36
20
4
99
98
138
193
139
134
85
82
14
70
135
74
38
22
50
6
42
26
130
10
66
34
18
2
57
83
15
77
71
161
75
53
39
23
51
7
45
43
27
29
145
131
11
67
35
19
3
97
137
133
81
13
69
73
37
21
49
5
41
25
129
9
65
33
17
1
