256
252
248
240
224
192
128
254
250
246
244
238
236
232
222
220
216
190
188
208
184
223
239
247
251
255
191
127
176
253
126
124
249
245
243
237
242
120
235
234
160
231
221
230
219
218
112
228
215
214
189
212
187
207
186
206
183
96
182
204
180
175
125
174
200
123
122
172
241
119
64
233
118
159
229
158
168
217
111
227
116
213
110
156
226
211
108
185
205
210
152
95
181
203
94
179
202
104
173
199
178
92
121
144
171
198
63
117
170
157
62
88
196
167
115
109
155
225
166
114
60
154
107
209
80
151
164
106
56
93
150
201
103
177
91
143
102
197
148
48
90
142
169
61
87
195
100
32
165
140
86
194
113
59
153
79
163
58
84
136
105
55
78
149
162
54
101
76
147
47
89
141
52
72
99
146
46
31
139
85
193
98
44
30
40
138
16
57
83
135
28
24
77
82
161
134
132
53
8
75
74
51
68
71
50
145
36
12
20
4
70
45
42
97
38
43
14
26
22
130
6
29
66
34
10
18
2
39
137
15
27
23
81
133
131
7
73
67
49
35
11
19
3
69
41
37
13
25
21
129
5
65
33
9
17
1
