256
252
248
240
224
192
254
128
250
246
244
238
236
232
222
220
216
190
188
208
239
247
251
255
223
191
253
184
127
126
176
249
245
124
243
237
242
235
234
120
231
221
230
160
219
218
228
215
112
214
189
187
212
207
186
206
183
182
96
204
125
180
175
123
174
200
241
122
233
119
172
229
64
159
118
217
227
158
168
111
116
213
226
110
156
211
185
205
210
108
181
95
203
152
179
94
202
173
104
199
178
121
92
144
171
198
63
117
170
157
196
62
167
115
88
225
109
155
166
114
60
209
154
107
80
151
164
106
93
201
56
150
103
177
91
143
197
102
148
48
169
90
142
195
61
87
100
32
165
194
140
113
59
86
153
79
163
58
136
84
105
55
78
149
162
54
76
101
147
47
52
72
89
141
146
46
99
31
16
44
40
193
139
98
30
85
24
28
138
8
57
135
83
132
134
82
77
161
68
12
36
20
4
53
75
74
50
70
51
14
71
42
38
22
26
6
130
66
10
34
18
2
145
45
15
43
39
97
29
23
27
137
7
131
133
81
67
11
35
19
3
73
49
69
13
41
37
21
25
5
129
65
9
33
17
1
