256
248
240
224
192
252
128
244
236
232
220
216
208
254
246
238
222
190
188
250
184
176
126
124
120
160
112
242
234
230
218
228
96
214
127
191
223
239
247
251
255
243
235
231
219
215
212
207
253
245
237
221
189
187
206
249
186
183
204
182
180
175
200
174
64
125
123
172
122
119
159
118
158
168
116
111
156
241
110
233
229
108
152
217
227
95
213
226
94
211
104
205
210
185
92
203
144
181
202
179
199
173
63
178
88
198
171
62
121
170
117
196
157
167
60
115
80
155
166
109
114
154
56
107
151
164
106
225
150
93
103
209
91
143
102
48
148
201
90
142
177
87
197
100
61
169
86
140
195
32
59
79
165
194
113
84
58
153
136
55
78
163
105
149
54
162
76
101
47
147
52
89
141
46
99
146
72
85
139
98
31
44
193
138
83
57
30
135
77
40
82
53
134
28
161
75
132
51
24
74
45
145
71
16
50
97
70
43
137
68
29
42
39
81
133
27
38
36
26
8
131
23
73
20
130
22
12
15
49
14
4
69
66
67
34
6
18
10
2
41
37
35
25
7
19
129
21
11
13
3
65
33
5
17
9
1
