256
252
248
240
224
254
192
250
128
246
244
238
236
232
222
220
247
251
255
239
223
216
253
191
190
188
208
184
249
127
245
126
243
176
237
242
124
235
234
231
120
221
230
219
160
218
228
215
214
112
189
187
212
207
186
206
183
182
204
96
125
175
180
241
123
174
200
233
122
119
229
172
159
118
64
217
227
158
213
226
111
168
116
211
110
185
156
205
210
181
108
203
95
152
179
202
94
173
199
121
104
178
171
198
92
144
117
63
170
157
225
196
62
167
115
88
109
155
166
114
209
60
107
154
80
151
164
201
93
106
56
103
177
150
197
91
143
48
102
148
169
32
90
142
195
61
87
100
165
113
194
140
59
86
153
79
136
163
58
84
105
55
78
149
162
54
76
16
72
47
101
52
147
31
46
89
40
141
24
146
44
99
8
30
28
98
193
139
85
138
132
12
68
36
20
4
135
134
57
82
83
77
74
14
70
50
161
38
22
42
6
26
130
10
66
34
18
2
53
75
15
71
51
45
39
23
145
43
7
29
27
97
137
131
11
67
35
19
3
133
81
73
13
69
49
37
21
41
5
25
129
9
65
33
17
1
