512
496
480
504
448
384
256
488
508
492
476
500
472
464
444
440
432
380
416
376
368
352
252
248
240
382
446
478
494
502
510
254
486
506
490
320
474
484
498
470
468
462
442
224
460
438
436
456
430
428
378
424
414
374
192
412
372
366
408
364
360
350
250
400
348
246
255
375
379
383
415
431
439
443
447
463
471
475
479
487
491
495
499
503
507
511
367
351
251
247
244
344
239
381
445
477
493
501
509
253
128
238
485
505
489
319
473
483
497
236
318
469
482
467
316
461
466
441
336
223
459
232
437
222
458
435
455
429
434
312
220
454
427
426
452
377
423
413
373
422
216
191
411
371
304
190
365
410
370
420
407
363
188
406
362
208
359
349
404
358
249
399
347
245
184
398
346
288
356
243
343
127
237
242
396
342
126
235
317
481
234
315
465
340
176
335
124
231
314
221
457
392
334
230
433
311
219
453
425
310
218
451
120
332
228
421
215
450
303
308
160
189
409
369
419
214
302
328
187
405
418
361
207
112
212
186
403
357
300
206
183
397
345
287
402
355
182
241
395
341
286
125
204
354
296
233
96
394
339
175
123
180
313
391
284
333
229
338
174
200
122
390
309
217
119
331
227
449
280
172
307
159
64
118
213
330
388
226
301
327
417
306
158
111
211
185
116
168
326
299
205
272
401
110
210
156
181
298
285
203
353
324
295
95
393
108
179
283
202
152
294
337
173
199
121
94
389
178
282
104
279
171
198
292
63
117
144
329
92
387
225
305
157
278
170
62
196
115
386
167
325
88
271
109
209
155
276
60
297
114
166
323
270
80
107
154
201
56
164
151
322
293
268
32
93
106
48
177
281
103
150
264
197
291
143
91
102
148
277
290
169
142
61
195
90
385
100
16
87
140
136
194
275
59
113
86
165
269
72
79
84
274
24
40
8
58
153
78
76
55
163
321
52
267
28
31
54
44
162
260
105
47
266
30
12
132
68
20
36
4
46
149
263
262
146
98
101
147
14
138
134
70
82
22
38
6
74
50
26
42
258
10
130
66
18
34
2
289
141
89
99
15
139
135
193
85
71
83
273
23
39
7
57
77
75
51
27
53
43
161
259
265
29
11
131
67
19
35
3
45
261
145
97
13
137
133
69
81
21
37
5
73
49
25
41
257
9
129
65
17
33
1
