512
504
496
480
448
384
256
508
500
492
488
476
472
464
444
440
432
380
376
416
368
446
478
494
502
510
382
254
352
506
252
248
498
490
486
474
484
240
470
468
320
462
442
460
438
436
224
456
430
428
378
424
374
414
372
412
366
192
364
408
255
383
431
439
443
447
463
471
475
479
487
491
495
499
503
507
511
379
375
415
367
445
477
493
501
509
381
253
351
505
360
251
350
250
247
497
348
400
246
489
485
244
473
483
239
344
469
482
238
467
128
319
461
466
236
318
441
459
437
458
316
435
223
455
336
429
434
222
454
232
427
426
220
312
452
377
423
373
413
422
371
411
365
216
370
410
191
420
363
407
304
190
362
406
359
349
188
249
358
404
347
208
399
245
346
398
243
356
343
184
481
237
242
288
127
342
465
396
235
317
126
457
234
315
335
340
433
221
453
231
314
124
176
392
334
425
219
311
451
230
421
218
310
450
332
215
369
228
120
409
419
303
189
308
214
361
405
418
160
187
302
328
357
403
207
212
112
186
345
397
355
300
402
183
206
241
287
341
395
354
125
182
286
233
204
339
394
296
313
123
96
175
391
333
180
229
284
338
217
309
449
122
174
390
200
331
227
119
64
307
213
330
280
417
172
388
159
226
118
301
327
306
211
158
111
185
299
326
401
116
205
168
272
210
110
353
181
156
298
285
203
324
393
295
95
108
179
283
202
337
152
294
121
173
389
199
94
178
282
104
63
329
144
279
198
292
171
387
225
117
92
305
62
157
278
170
386
196
325
88
115
167
271
209
60
109
80
276
32
155
297
114
166
323
270
56
48
154
107
201
164
322
268
151
293
93
264
106
177
16
281
150
103
143
197
291
148
91
102
136
142
100
290
72
24
61
40
8
140
90
277
169
385
195
87
84
194
76
86
28
59
52
44
79
275
260
12
58
132
31
68
20
36
4
78
274
113
30
165
269
54
55
46
47
162
266
153
262
14
163
321
267
146
134
98
70
22
38
6
138
82
74
26
50
42
258
10
130
66
18
34
2
263
105
15
149
147
101
135
141
99
289
71
23
39
7
139
89
83
193
75
85
27
51
43
259
11
57
131
67
19
35
3
77
273
29
53
45
161
265
261
13
145
133
97
69
21
37
5
137
81
73
25
49
41
257
9
129
65
17
33
1
