512
504
496
480
508
448
384
500
492
488
256
510
502
494
476
478
506
472
446
464
444
440
432
382
380
376
416
498
368
490
383
447
479
495
503
507
511
499
491
486
487
255
509
501
493
475
254
477
474
505
484
471
252
470
468
352
445
463
248
443
462
442
439
460
438
436
240
431
456
381
430
379
320
378
428
375
374
415
224
414
424
497
372
367
489
412
366
485
253
473
483
251
364
469
482
408
250
467
351
247
192
461
466
350
441
246
360
459
437
458
348
400
435
239
244
455
429
434
238
319
454
377
427
344
318
128
236
373
426
452
223
413
423
371
316
222
411
422
365
370
232
336
410
363
481
220
407
249
420
312
362
191
465
349
406
245
359
190
216
457
347
399
358
243
404
304
433
237
346
398
453
242
188
343
356
317
127
235
425
208
451
342
396
126
234
315
288
184
221
421
450
369
231
335
409
314
340
219
124
392
419
311
230
334
361
176
405
218
418
310
189
215
228
120
332
357
403
303
160
345
214
397
308
241
187
355
402
112
302
328
207
186
341
395
212
125
354
64
233
287
96
183
449
206
300
394
313
339
286
182
123
391
229
333
204
296
175
338
217
122
284
390
417
180
309
200
227
119
331
174
280
32
388
159
272
213
307
226
118
330
172
401
111
301
327
158
168
306
116
144
185
211
48
80
16
353
63
156
110
326
95
152
205
299
104
210
108
324
393
62
56
94
88
285
298
181
60
92
24
264
136
40
72
8
203
295
337
292
202
294
121
283
389
179
196
276
28
199
282
268
178
164
140
44
76
12
148
100
52
84
20
260
132
36
68
4
173
198
279
278
31
30
387
386
270
271
170
225
117
329
171
166
114
142
46
78
14
154
150
102
106
322
54
86
157
58
90
22
262
134
38
70
6
290
194
274
26
266
162
138
42
74
10
146
98
50
82
18
258
130
34
66
2
167
305
115
143
47
79
15
155
109
325
151
103
209
107
323
61
55
93
87
297
59
91
23
263
135
39
71
7
291
201
293
195
275
27
281
267
177
163
139
43
75
11
147
99
51
83
19
259
131
35
67
3
197
277
29
385
269
169
165
113
141
45
77
13
153
149
101
105
321
53
85
57
89
21
261
133
37
69
5
289
193
273
25
265
161
137
41
73
9
145
97
49
81
17
257
129
1
33
65
