512
504
496
480
448
508
384
500
256
492
488
476
472
464
444
440
494
502
510
478
446
432
506
382
380
376
416
368
498
254
490
252
486
352
474
484
248
470
468
462
240
442
460
438
255
383
447
479
491
495
499
503
507
511
487
475
471
463
320
443
439
436
456
493
501
509
477
445
431
505
430
381
379
428
224
378
375
374
415
424
414
372
367
412
366
364
497
253
408
489
251
192
485
351
250
473
483
350
247
360
469
482
246
467
348
400
461
466
244
239
441
459
238
437
458
344
319
435
455
318
236
429
128
434
454
427
223
377
316
426
452
222
373
336
423
232
413
371
422
411
365
220
370
312
410
363
420
407
191
362
249
216
406
349
190
359
481
245
304
347
358
399
465
243
404
188
346
398
237
457
242
343
208
356
317
235
127
433
453
342
396
184
288
315
234
425
126
451
221
335
231
340
314
421
450
219
392
369
311
124
334
230
409
176
419
218
310
361
215
332
228
405
189
418
120
303
357
214
308
403
187
160
345
302
397
328
241
207
355
402
186
212
112
341
395
183
287
206
354
300
233
125
339
394
182
313
286
449
96
204
391
123
333
229
296
175
338
64
217
309
180
284
390
122
331
227
174
417
200
119
213
307
330
226
388
159
280
118
301
172
327
306
401
185
211
111
158
272
326
116
205
353
299
168
210
110
156
393
181
285
298
324
95
203
295
108
337
152
32
63
179
144
94
283
202
389
121
104
294
173
199
62
92
178
80
282
48
292
329
88
225
387
279
198
16
60
117
171
56
196
305
386
278
157
170
271
276
264
325
115
167
24
136
72
40
8
270
209
268
109
114
164
166
155
297
323
154
148
28
140
100
322
76
44
84
12
52
260
20
132
68
36
4
107
151
106
150
31
30
143
142
93
201
102
103
293
90
78
46
290
86
14
58
54
194
61
274
262
91
177
22
134
70
38
6
266
162
146
26
138
98
74
42
82
10
50
258
18
130
66
34
2
79
281
47
291
87
197
15
59
55
195
385
277
169
275
263
23
135
71
39
7
269
267
113
163
165
153
147
27
139
99
321
75
43
83
11
51
259
19
131
67
35
3
105
149
29
141
101
89
77
45
289
85
13
57
53
193
273
261
21
133
69
37
5
265
161
145
25
137
97
73
41
81
9
49
257
17
129
33
65
1
