512
504
496
480
448
384
508
256
500
492
488
476
472
464
444
440
432
380
376
416
478
494
502
510
446
382
506
368
254
252
352
498
490
248
486
474
484
470
468
240
462
442
460
320
438
436
456
430
224
428
378
255
383
447
471
475
479
487
491
495
499
503
507
511
463
443
439
431
379
374
375
424
415
477
493
501
509
445
381
414
505
372
367
412
366
364
192
408
253
251
351
497
250
360
350
489
247
485
246
348
473
483
400
469
482
244
467
239
461
466
238
344
441
459
319
437
458
128
318
236
435
455
429
434
454
316
223
427
336
222
377
232
426
452
373
423
220
413
312
371
422
411
365
370
410
363
420
191
407
216
362
190
406
304
249
359
349
245
358
347
188
399
404
481
243
346
208
398
465
356
237
242
343
457
127
184
317
235
288
342
396
433
126
453
315
234
335
221
231
340
425
451
314
392
124
334
219
311
230
176
450
421
369
218
409
310
419
332
215
228
361
120
189
405
303
418
308
214
357
160
187
403
302
328
345
207
397
212
355
241
186
402
112
183
300
206
287
341
395
354
125
233
182
286
394
339
313
204
296
96
391
123
333
229
175
449
338
180
284
217
309
390
122
331
174
200
227
64
119
417
307
213
330
388
280
226
159
118
301
172
327
306
211
185
401
111
158
326
299
205
116
272
168
353
210
110
181
156
285
298
393
203
324
295
95
108
337
179
283
152
202
389
121
294
94
173
199
63
104
144
178
282
329
292
92
387
279
225
198
62
117
171
32
305
88
80
386
278
196
157
60
170
325
115
48
271
167
56
209
276
109
16
155
114
270
297
166
323
264
268
164
154
107
322
151
136
201
24
72
40
8
293
93
106
150
148
103
143
177
100
140
281
102
28
142
84
76
291
91
44
52
12
197
260
132
20
68
36
4
61
290
90
31
30
86
78
87
194
58
79
385
277
46
195
54
59
274
169
14
262
266
47
162
134
22
70
38
6
146
98
138
26
82
74
42
50
10
258
130
18
66
34
2
55
275
15
113
269
165
263
267
163
153
321
135
23
71
39
7
105
149
147
99
139
101
27
141
83
75
43
51
11
259
131
19
67
35
3
289
89
29
85
77
193
57
45
53
273
13
261
265
161
133
21
69
37
5
145
97
137
25
81
73
41
49
9
257
129
17
65
33
1
