512
496
480
448
384
504
256
488
472
464
440
432
416
508
492
476
444
380
376
500
368
352
252
248
240
320
224
484
468
460
436
456
192
428
254
382
446
478
494
502
510
486
470
462
438
430
424
414
506
490
474
442
378
374
412
498
372
366
408
364
360
350
400
348
128
250
246
344
244
238
318
236
316
336
232
222
312
482
220
466
458
216
304
434
454
190
239
247
251
255
319
351
367
375
379
383
415
431
439
443
447
463
471
475
479
487
491
495
499
503
507
511
223
483
467
459
435
455
426
191
427
452
253
381
445
477
493
501
509
485
469
461
437
429
423
188
413
505
489
473
441
422
377
373
208
411
497
371
410
420
365
370
407
184
363
406
288
362
359
404
349
399
358
347
398
127
249
346
126
356
245
176
343
396
243
342
124
237
242
317
235
340
315
234
335
392
231
314
334
120
221
311
230
481
219
160
310
332
465
218
228
457
215
308
303
433
453
112
214
302
328
189
425
451
187
421
212
450
207
300
186
409
419
369
206
183
405
287
418
361
182
403
286
204
357
96
296
397
402
345
125
355
175
180
395
284
341
123
354
174
241
394
200
339
122
233
391
313
333
338
119
172
280
229
390
159
309
64
331
118
217
227
158
307
330
388
111
213
226
168
116
301
327
306
272
110
211
449
156
299
326
185
205
210
417
298
181
108
285
324
203
95
295
152
401
179
283
202
94
294
353
173
393
199
104
121
178
282
337
171
279
92
198
292
144
389
63
117
170
278
157
329
387
196
62
225
167
115
88
305
271
109
155
386
276
325
166
114
60
209
270
297
154
107
323
80
151
164
106
201
268
93
293
56
322
150
103
177
281
91
197
291
143
264
102
48
148
169
277
90
290
142
195
61
32
87
100
385
275
165
194
113
140
59
86
269
153
274
79
163
136
58
84
105
267
55
321
78
149
162
266
54
76
263
101
47
147
72
52
16
89
289
141
262
46
31
146
99
40
260
44
24
30
193
98
139
28
8
85
138
273
135
132
57
83
134
68
12
36
20
4
82
77
161
74
265
53
70
50
14
75
38
258
42
22
26
6
130
66
10
34
18
2
71
51
15
261
45
145
39
259
43
23
29
97
27
7
137
131
133
67
11
35
19
3
81
73
69
49
13
37
257
41
21
25
5
129
65
9
33
17
1
