512
504
496
480
448
508
384
500
492
256
488
476
472
464
510
502
494
478
444
446
506
440
432
382
380
376
416
368
498
490
254
486
252
474
484
352
470
248
383
447
479
495
503
507
511
499
491
255
487
475
468
471
463
509
501
493
477
443
445
462
505
442
439
460
438
240
436
431
456
430
320
381
379
428
378
375
224
415
374
414
424
372
367
412
497
366
489
253
485
364
251
408
473
483
250
351
469
192
482
247
350
467
360
246
461
466
441
348
459
400
244
437
239
458
435
238
455
429
319
434
344
454
427
318
236
128
377
426
223
373
452
413
423
316
222
371
232
336
411
422
365
370
410
220
312
363
420
407
249
362
191
481
406
349
359
245
216
190
465
347
399
358
243
304
404
457
237
346
188
398
242
433
343
453
356
208
317
235
127
425
342
396
451
184
288
315
234
126
221
231
335
421
450
369
340
314
409
219
392
124
311
230
334
419
176
361
218
405
310
418
215
228
332
189
120
357
303
403
214
308
160
345
187
397
241
302
355
402
328
207
112
186
212
341
395
354
183
287
233
125
206
300
449
394
96
339
313
182
286
64
391
123
229
333
204
296
175
338
217
309
390
180
284
122
417
227
331
200
119
174
213
388
307
280
159
226
330
118
172
301
401
327
272
111
306
158
185
211
116
168
353
326
32
205
299
110
156
210
393
95
144
324
181
285
63
152
298
108
203
80
48
295
94
104
16
337
62
389
179
283
202
121
92
88
294
56
60
199
173
292
178
282
264
24
136
72
40
8
387
198
279
225
196
329
117
276
386
171
278
268
271
170
164
305
28
157
140
270
148
76
44
100
12
84
52
260
20
132
68
36
4
115
167
114
166
325
31
30
154
109
155
209
142
322
150
106
78
46
102
14
143
323
90
86
54
58
290
262
22
134
70
38
6
151
194
274
297
266
162
26
138
146
74
42
98
10
82
50
258
18
130
66
34
2
107
79
47
93
103
15
61
201
91
87
293
55
59
291
177
281
263
23
135
71
39
7
197
195
275
385
277
267
169
163
27
139
269
147
75
43
99
11
83
51
259
19
131
67
35
3
113
165
29
153
141
321
149
105
77
45
101
13
89
85
53
57
289
261
21
133
69
37
5
193
273
265
161
25
137
145
73
41
97
9
81
49
257
17
129
1
33
65
