512
496
480
448
504
384
256
488
472
464
508
492
476
440
444
500
432
380
416
376
368
352
252
248
240
320
484
224
468
254
382
446
478
494
502
510
486
470
460
462
506
490
474
438
442
498
436
456
430
428
424
192
378
414
374
412
372
366
408
364
360
350
400
250
348
246
128
244
344
238
236
318
316
336
482
232
222
255
351
367
375
379
383
415
431
439
443
447
463
471
475
479
487
491
495
499
503
507
511
251
247
239
319
483
223
467
466
312
253
381
445
477
493
501
509
485
469
459
461
220
505
489
473
437
441
458
497
435
455
429
434
454
427
216
426
452
304
423
191
377
413
422
190
373
411
371
410
420
188
365
370
407
208
363
406
362
359
404
184
349
288
358
399
249
347
398
245
346
356
127
243
343
126
396
237
242
342
176
235
317
124
234
315
340
335
481
392
231
314
221
334
465
230
311
219
120
457
310
332
218
433
453
228
215
160
425
451
308
303
214
421
189
450
302
328
112
409
419
187
369
207
212
405
418
186
361
300
206
403
183
287
357
397
402
182
286
345
355
204
296
125
395
96
241
341
354
175
180
123
394
284
233
339
174
391
200
313
122
333
338
229
119
390
309
331
217
172
280
227
159
118
64
307
213
330
388
226
449
301
158
327
111
306
116
168
211
417
185
272
299
326
205
110
156
210
401
181
298
285
203
324
295
108
95
353
152
179
202
393
283
294
173
94
199
121
178
337
282
104
389
171
279
198
292
92
144
117
63
329
387
225
170
278
157
196
305
62
115
167
386
271
88
325
109
155
276
209
114
166
60
297
270
323
107
154
80
151
201
164
293
56
322
268
93
106
177
281
103
150
197
291
48
264
91
143
32
102
148
169
277
290
195
90
142
61
100
385
87
275
194
140
113
165
59
86
269
136
153
274
79
58
84
163
16
55
321
267
78
105
162
72
149
76
54
266
40
47
24
52
263
8
31
101
46
44
147
262
260
28
30
289
146
89
141
132
12
99
68
36
20
4
98
193
138
139
134
85
82
14
135
70
74
273
38
22
50
6
42
258
26
130
10
66
34
18
2
57
83
15
77
161
71
75
53
265
39
23
51
7
45
43
261
259
27
29
145
131
11
67
35
19
3
97
137
133
81
13
69
73
37
21
49
5
41
257
25
129
9
65
33
17
1
